0	0	1
1	5.52E-04	0
2	0.001104253545	1
3	0.001656380317	1
4	0.002208507089	1
5	0.002760633862	2
6	0.003312760634	10
7	0.003864887406	10
8	0.004417014178	22
9	0.004969140951	27
10	0.005521267723	54
11	0.006073394495	70
12	0.006625521268	91
13	0.00717764804	152
14	0.007729774812	210
15	0.008281901585	286
16	0.008834028357	395
17	0.009386155129	516
18	0.009938281902	688
19	0.01049040867	801
20	0.01104253545	1000
21	0.01159466222	1034
22	0.01214678899	1270
23	0.01269891576	1713
24	0.01325104254	2619
25	0.01380316931	3728
26	0.01435529608	5515
27	0.01490742285	8663
28	0.01545954962	15045
29	0.0160116764	27775
30	0.01656380317	46972
31	0.01711592994	69558
32	0.01766805671	99283
33	0.01822018349	122169
34	0.01877231026	135728
35	0.01932443703	153395
36	0.0198765638	153677
37	0.02042869058	91643
38	0.02098081735	61185
39	0.02153294412	39215
40	0.02208507089	25225
41	0.02263719766	17196
42	0.02318932444	13006
43	0.02374145121	10865
44	0.02429357798	9398
45	0.02484570475	8774
46	0.02539783153	7838
47	0.0259499583	7199
48	0.02650208507	6658
49	0.02705421184	5954
50	0.02760633862	5363
51	0.02815846539	4880
52	0.02871059216	4540
53	0.02926271893	4300
54	0.0298148457	3926
55	0.03036697248	3849
56	0.03091909925	3774
57	0.03147122602	3544
58	0.03202335279	3546
59	0.03257547957	3453
60	0.03312760634	3408
61	0.03367973311	3406
62	0.03423185988	3425
63	0.03478398666	3299
64	0.03533611343	3416
65	0.0358882402	3366
66	0.03644036697	3300
67	0.03699249374	3387
68	0.03754462052	3225
69	0.03809674729	3259
70	0.03864887406	3367
71	0.03920100083	3223
72	0.03975312761	3251
73	0.04030525438	3146
74	0.04085738115	3189
75	0.04140950792	3240
76	0.0419616347	3388
77	0.04251376147	3477
78	0.04306588824	3709
79	0.04361801501	3872
80	0.04417014178	4137
81	0.04472226856	3921
82	0.04527439533	4132
83	0.0458265221	3914
84	0.04637864887	3761
85	0.04693077565	3680
86	0.04748290242	3407
87	0.04803502919	3482
88	0.04858715596	3201
89	0.04913928274	3306
90	0.04969140951	3087
91	0.05024353628	3035
92	0.05079566305	3015
93	0.05134778982	3005
94	0.0518999166	2898
95	0.05245204337	2906
96	0.05300417014	2783
97	0.05355629691	2874
98	0.05410842369	2822
99	0.05466055046	2860
100	0.05521267723	2873
101	0.055764804	2849
102	0.05631693078	2895
103	0.05686905755	2765
104	0.05742118432	2864
105	0.05797331109	2870
106	0.05852543786	2777
107	0.05907756464	2752
108	0.05962969141	2887
109	0.06018181818	2866
110	0.06073394495	2765
111	0.06128607173	2885
112	0.0618381985	2827
113	0.06239032527	2777
114	0.06294245204	2845
115	0.06349457882	2819
116	0.06404670559	2860
117	0.06459883236	2795
118	0.06515095913	2830
119	0.0657030859	2827
120	0.06625521268	2876
121	0.06680733945	2850
122	0.06735946622	2824
123	0.06791159299	2873
124	0.06846371977	2900
125	0.06901584654	2920
126	0.06956797331	3046
127	0.07012010008	2891
128	0.07067222686	2934
129	0.07122435363	2964
130	0.0717764804	2976
131	0.07232860717	3093
132	0.07288073394	2943
133	0.07343286072	3017
134	0.07398498749	2985
135	0.07453711426	3037
136	0.07508924103	2954
137	0.07564136781	2996
138	0.07619349458	2964
139	0.07674562135	2999
140	0.07729774812	2968
141	0.0778498749	2998
142	0.07840200167	2965
143	0.07895412844	2901
144	0.07950625521	2925
145	0.08005838198	2995
146	0.08061050876	2963
147	0.08116263553	2932
148	0.0817147623	2903
149	0.08226688907	2938
150	0.08281901585	2928
151	0.08337114262	2912
152	0.08392326939	2919
153	0.08447539616	2942
154	0.08502752294	2866
155	0.08557964971	3007
156	0.08613177648	2905
157	0.08668390325	2882
158	0.08723603003	2956
159	0.0877881568	2883
160	0.08834028357	2911
161	0.08889241034	2998
162	0.08944453711	2830
163	0.08999666389	2956
164	0.09054879066	2947
165	0.09110091743	2890
166	0.0916530442	2970
167	0.09220517098	2908
168	0.09275729775	2926
169	0.09330942452	2956
170	0.09386155129	2684
171	0.09441367807	2890
172	0.09496580484	2922
173	0.09551793161	2923
174	0.09607005838	2859
175	0.09662218515	2826
176	0.09717431193	2885
177	0.0977264387	2852
178	0.09827856547	2842
179	0.09883069224	2858
180	0.09938281902	2944
181	0.09993494579	2853
182	0.1004870726	2891
183	0.1010391993	2985
184	0.1015913261	2870
185	0.1021434529	2890
186	0.1026955796	2864
187	0.1032477064	2923
188	0.1037998332	2963
189	0.10435196	2939
190	0.1049040867	2749
191	0.1054562135	2649
192	0.1060083403	2823
193	0.1065604671	2825
194	0.1071125938	2765
195	0.1076647206	2906
196	0.1082168474	2882
197	0.1087689741	2924
198	0.1093211009	2857
199	0.1098732277	2822
200	0.1104253545	2899
201	0.1109774812	2812
202	0.111529608	2800
203	0.1120817348	2793
204	0.1126338616	2939
205	0.1131859883	2857
206	0.1137381151	2867
207	0.1142902419	2809
208	0.1148423686	2860
209	0.1153944954	2845
210	0.1159466222	2838
211	0.116498749	2774
212	0.1170508757	2809
213	0.1176030025	2878
214	0.1181551293	2702
215	0.118707256	2778
216	0.1192593828	2797
217	0.1198115096	2827
218	0.1203636364	2770
219	0.1209157631	2816
220	0.1214678899	2789
221	0.1220200167	2770
222	0.1225721435	2691
223	0.1231242702	2751
224	0.123676397	2822
225	0.1242285238	2935
226	0.1247806505	2775
227	0.1253327773	2769
228	0.1258849041	2725
229	0.1264370309	2880
230	0.1269891576	2855
231	0.1275412844	2870
232	0.1280934112	2732
233	0.1286455379	2823
234	0.1291976647	2819
235	0.1297497915	2829
236	0.1303019183	2838
237	0.130854045	2762
238	0.1314061718	2832
239	0.1319582986	2725
240	0.1325104254	2633
241	0.1330625521	2790
242	0.1336146789	2663
243	0.1341668057	2800
244	0.1347189324	2837
245	0.1352710592	2798
246	0.135823186	2800
247	0.1363753128	2735
248	0.1369274395	2729
249	0.1374795663	2853
250	0.1380316931	2752
251	0.1385838198	2802
252	0.1391359466	2709
253	0.1396880734	2799
254	0.1402402002	2771
255	0.1407923269	2622
256	0.1413444537	2733
257	0.1418965805	2796
258	0.1424487073	2805
259	0.143000834	2761
260	0.1435529608	2695
261	0.1441050876	2763
262	0.1446572143	2699
263	0.1452093411	2704
264	0.1457614679	2791
265	0.1463135947	2756
266	0.1468657214	2693
267	0.1474178482	2711
268	0.147969975	2717
269	0.1485221018	2668
270	0.1490742285	2788
271	0.1496263553	2678
272	0.1501784821	2732
273	0.1507306088	2712
274	0.1512827356	2707
275	0.1518348624	2764
276	0.1523869892	2598
277	0.1529391159	2690
278	0.1534912427	2724
279	0.1540433695	2698
280	0.1545954962	2693
281	0.155147623	2690
282	0.1556997498	2817
283	0.1562518766	2869
284	0.1568040033	2650
285	0.1573561301	2722
286	0.1579082569	2793
287	0.1584603837	2665
288	0.1590125104	2813
289	0.1595646372	2845
290	0.160116764	2752
291	0.1606688907	2875
292	0.1612210175	2814
293	0.1617731443	2689
294	0.1623252711	2742
295	0.1628773978	2754
296	0.1634295246	2771
297	0.1639816514	2891
298	0.1645337781	2752
299	0.1650859049	2707
300	0.1656380317	2744
301	0.1661901585	2871
302	0.1667422852	2750
303	0.167294412	2887
304	0.1678465388	2775
305	0.1683986656	2694
306	0.1689507923	2792
307	0.1695029191	2819
308	0.1700550459	2802
309	0.1706071726	2827
310	0.1711592994	2782
311	0.1717114262	2899
312	0.172263553	2802
313	0.1728156797	2850
314	0.1733678065	2782
315	0.1739199333	2834
316	0.1744720601	2931
317	0.1750241868	2956
318	0.1755763136	2855
319	0.1761284404	2873
320	0.1766805671	2832
321	0.1772326939	2853
322	0.1777848207	2927
323	0.1783369475	2875
324	0.1788890742	2951
325	0.179441201	2988
326	0.1799933278	2985
327	0.1805454545	2975
328	0.1810975813	2942
329	0.1816497081	2915
330	0.1822018349	2975
331	0.1827539616	2986
332	0.1833060884	2917
333	0.1838582152	3009
334	0.184410342	2992
335	0.1849624687	2908
336	0.1855145955	3019
337	0.1860667223	3018
338	0.186618849	2995
339	0.1871709758	3020
340	0.1877231026	2957
341	0.1882752294	3020
342	0.1888273561	3003
343	0.1893794829	3007
344	0.1899316097	3018
345	0.1904837364	3006
346	0.1910358632	3052
347	0.19158799	3107
348	0.1921401168	3030
349	0.1926922435	3068
350	0.1932443703	2925
351	0.1937964971	2887
352	0.1943486239	3087
353	0.1949007506	3101
354	0.1954528774	3016
355	0.1960050042	3024
356	0.1965571309	2839
357	0.1971092577	3085
358	0.1976613845	3032
359	0.1982135113	3114
360	0.198765638	3069
361	0.1993177648	3019
362	0.1998698916	3002
363	0.2004220183	3078
364	0.2009741451	3046
365	0.2015262719	3011
366	0.2020783987	2934
367	0.2026305254	2998
368	0.2031826522	2936
369	0.203734779	3040
370	0.2042869058	2978
371	0.2048390325	2968
372	0.2053911593	2894
373	0.2059432861	2989
374	0.2064954128	3027
375	0.2070475396	2935
376	0.2075996664	2965
377	0.2081517932	2970
378	0.2087039199	2976
379	0.2092560467	3109
380	0.2098081735	2869
381	0.2103603003	2956
382	0.210912427	3014
383	0.2114645538	2955
384	0.2120166806	2959
385	0.2125688073	2964
386	0.2131209341	2891
387	0.2136730609	2940
388	0.2142251877	2900
389	0.2147773144	2969
390	0.2153294412	2885
391	0.215881568	2882
392	0.2164336947	2959
393	0.2169858215	2908
394	0.2175379483	2828
395	0.2180900751	2931
396	0.2186422018	2891
397	0.2191943286	2810
398	0.2197464554	2916
399	0.2202985822	2825
400	0.2208507089	2876
401	0.2214028357	2891
402	0.2219549625	2824
403	0.2225070892	2916
404	0.223059216	2865
405	0.2236113428	2798
406	0.2241634696	2766
407	0.2247155963	2882
408	0.2252677231	2824
409	0.2258198499	2787
410	0.2263719766	2829
411	0.2269241034	2846
412	0.2274762302	2864
413	0.228028357	2814
414	0.2285804837	2804
415	0.2291326105	2734
416	0.2296847373	2855
417	0.2302368641	2765
418	0.2307889908	2765
419	0.2313411176	2827
420	0.2318932444	2733
421	0.2324453711	2834
422	0.2329974979	2818
423	0.2335496247	2732
424	0.2341017515	2813
425	0.2346538782	2891
426	0.235206005	2796
427	0.2357581318	2762
428	0.2363102585	2745
429	0.2368623853	2811
430	0.2374145121	2697
431	0.2379666389	2802
432	0.2385187656	2689
433	0.2390708924	2832
434	0.2396230192	2726
435	0.240175146	2699
436	0.2407272727	2637
437	0.2412793995	2822
438	0.2418315263	2783
439	0.242383653	2692
440	0.2429357798	2732
441	0.2434879066	2608
442	0.2440400334	2629
443	0.2445921601	2771
444	0.2451442869	2672
445	0.2456964137	2717
446	0.2462485405	2619
447	0.2468006672	2715
448	0.247352794	2553
449	0.2479049208	2720
450	0.2484570475	2628
451	0.2490091743	2679
452	0.2495613011	2680
453	0.2501134279	2619
454	0.2506655546	2647
455	0.2512176814	2610
456	0.2517698082	2675
457	0.2523219349	2581
458	0.2528740617	2649
459	0.2534261885	2655
460	0.2539783153	2582
461	0.254530442	2587
462	0.2550825688	2562
463	0.2556346956	2704
464	0.2561868224	2572
465	0.2567389491	2617
466	0.2572910759	2613
467	0.2578432027	2754
468	0.2583953294	2614
469	0.2589474562	2580
470	0.259499583	2590
471	0.2600517098	2602
472	0.2606038365	2578
473	0.2611559633	2552
474	0.2617080901	2546
475	0.2622602168	2642
476	0.2628123436	2512
477	0.2633644704	2616
478	0.2639165972	2584
479	0.2644687239	2549
480	0.2650208507	2507
481	0.2655729775	2539
482	0.2661251043	2550
483	0.266677231	2475
484	0.2672293578	2484
485	0.2677814846	2673
486	0.2683336113	2516
487	0.2688857381	2531
488	0.2694378649	2550
489	0.2699899917	2641
490	0.2705421184	2540
491	0.2710942452	2564
492	0.271646372	2608
493	0.2721984987	2585
494	0.2727506255	2561
495	0.2733027523	2465
496	0.2738548791	2573
497	0.2744070058	2476
498	0.2749591326	2535
499	0.2755112594	2499
500	0.2760633862	2520
501	0.2766155129	2480
502	0.2771676397	2508
503	0.2777197665	2558
504	0.2782718932	2385
505	0.27882402	2464
506	0.2793761468	2460
507	0.2799282736	2619
508	0.2804804003	2586
509	0.2810325271	2570
510	0.2815846539	2403
511	0.2821367807	2347
512	0.2826889074	2523
513	0.2832410342	2461
514	0.283793161	2519
515	0.2843452877	2459
516	0.2848974145	2455
517	0.2854495413	2475
518	0.2860016681	2448
519	0.2865537948	2408
520	0.2871059216	2473
521	0.2876580484	2547
522	0.2882101751	2500
523	0.2887623019	2460
524	0.2893144287	2380
525	0.2898665555	2457
526	0.2904186822	2440
527	0.290970809	2434
528	0.2915229358	2470
529	0.2920750626	2495
530	0.2926271893	2411
531	0.2931793161	2451
532	0.2937314429	2422
533	0.2942835696	2439
534	0.2948356964	2385
535	0.2953878232	2312
536	0.29593995	2364
537	0.2964920767	2440
538	0.2970442035	2342
539	0.2975963303	2464
540	0.298148457	2357
541	0.2987005838	2333
542	0.2992527106	2474
543	0.2998048374	2350
544	0.3003569641	2380
545	0.3009090909	2446
546	0.3014612177	2405
547	0.3020133445	2425
548	0.3025654712	2362
549	0.303117598	2415
550	0.3036697248	2342
551	0.3042218515	2406
552	0.3047739783	2374
553	0.3053261051	2481
554	0.3058782319	2310
555	0.3064303586	2350
556	0.3069824854	2396
557	0.3075346122	2354
558	0.3080867389	2373
559	0.3086388657	2417
560	0.3091909925	2348
561	0.3097431193	2294
562	0.310295246	2314
563	0.3108473728	2347
564	0.3113994996	2416
565	0.3119516264	2351
566	0.3125037531	2397
567	0.3130558799	2344
568	0.3136080067	2349
569	0.3141601334	2348
570	0.3147122602	2265
571	0.315264387	2273
572	0.3158165138	2240
573	0.3163686405	2429
574	0.3169207673	2312
575	0.3174728941	2228
576	0.3180250209	2415
577	0.3185771476	2267
578	0.3191292744	2299
579	0.3196814012	2342
580	0.3202335279	2255
581	0.3207856547	2288
582	0.3213377815	2276
583	0.3218899083	2278
584	0.322442035	2253
585	0.3229941618	2320
586	0.3235462886	2252
587	0.3240984153	2324
588	0.3246505421	2294
589	0.3252026689	2335
590	0.3257547957	2339
591	0.3263069224	2292
592	0.3268590492	2321
593	0.327411176	2315
594	0.3279633028	2324
595	0.3285154295	2292
596	0.3290675563	2287
597	0.3296196831	2292
598	0.3301718098	2219
599	0.3307239366	2289
600	0.3312760634	2332
601	0.3318281902	2240
602	0.3323803169	2219
603	0.3329324437	2244
604	0.3334845705	2275
605	0.3340366972	2361
606	0.334588824	2202
607	0.3351409508	2235
608	0.3356930776	2221
609	0.3362452043	2352
610	0.3367973311	2189
611	0.3373494579	2256
612	0.3379015847	2159
613	0.3384537114	2222
614	0.3390058382	2256
615	0.339557965	2366
616	0.3401100917	2321
617	0.3406622185	2194
618	0.3412143453	2197
619	0.3417664721	2229
620	0.3423185988	2272
621	0.3428707256	2298
622	0.3434228524	2280
623	0.3439749791	2382
624	0.3445271059	2243
625	0.3450792327	2207
626	0.3456313595	2236
627	0.3461834862	2249
628	0.346735613	2235
629	0.3472877398	2315
630	0.3478398666	2140
631	0.3483919933	2196
632	0.3489441201	2200
633	0.3494962469	2289
634	0.3500483736	2308
635	0.3506005004	2260
636	0.3511526272	2200
637	0.351704754	2202
638	0.3522568807	2219
639	0.3528090075	2151
640	0.3533611343	2215
641	0.3539132611	2290
642	0.3544653878	2175
643	0.3550175146	2190
644	0.3555696414	2270
645	0.3561217681	2249
646	0.3566738949	2222
647	0.3572260217	2173
648	0.3577781485	2236
649	0.3583302752	2333
650	0.358882402	2258
651	0.3594345288	2270
652	0.3599866555	2222
653	0.3605387823	2230
654	0.3610909091	2193
655	0.3616430359	2171
656	0.3621951626	2219
657	0.3627472894	2278
658	0.3632994162	2231
659	0.363851543	2165
660	0.3644036697	2128
661	0.3649557965	2312
662	0.3655079233	2230
663	0.36606005	2197
664	0.3666121768	2163
665	0.3671643036	2154
666	0.3677164304	2139
667	0.3682685571	2220
668	0.3688206839	2157
669	0.3693728107	2211
670	0.3699249374	2103
671	0.3704770642	2159
672	0.371029191	2184
673	0.3715813178	2161
674	0.3721334445	2207
675	0.3726855713	2203
676	0.3732376981	2117
677	0.3737898249	2167
678	0.3743419516	2256
679	0.3748940784	2159
680	0.3754462052	2187
681	0.3759983319	2187
682	0.3765504587	2213
683	0.3771025855	2179
684	0.3776547123	2078
685	0.378206839	2169
686	0.3787589658	2188
687	0.3793110926	2130
688	0.3798632193	2128
689	0.3804153461	2186
690	0.3809674729	2215
691	0.3815195997	2193
692	0.3820717264	2283
693	0.3826238532	2267
694	0.38317598	2227
695	0.3837281068	2132
696	0.3842802335	2129
697	0.3848323603	2207
698	0.3853844871	2179
699	0.3859366138	2139
700	0.3864887406	2158
701	0.3870408674	2213
702	0.3875929942	2138
703	0.3881451209	2111
704	0.3886972477	2255
705	0.3892493745	2240
706	0.3898015013	2181
707	0.390353628	2225
708	0.3909057548	2200
709	0.3914578816	2181
710	0.3920100083	2168
711	0.3925621351	2180
712	0.3931142619	2171
713	0.3936663887	2168
714	0.3942185154	2137
715	0.3947706422	2166
716	0.395322769	2111
717	0.3958748957	2208
718	0.3964270225	2199
719	0.3969791493	2189
720	0.3975312761	2190
721	0.3980834028	2051
722	0.3986355296	2270
723	0.3991876564	2078
724	0.3997397832	2055
725	0.4002919099	2187
726	0.4008440367	2097
727	0.4013961635	2212
728	0.4019482902	2175
729	0.402500417	2149
730	0.4030525438	2232
731	0.4036046706	2119
732	0.4041567973	2140
733	0.4047089241	2152
734	0.4052610509	2089
735	0.4058131776	2195
736	0.4063653044	2148
737	0.4069174312	2214
738	0.407469558	2107
739	0.4080216847	2155
740	0.4085738115	2127
741	0.4091259383	2113
742	0.4096780651	2169
743	0.4102301918	2142
744	0.4107823186	2138
745	0.4113344454	2186
746	0.4118865721	2181
747	0.4124386989	2155
748	0.4129908257	2195
749	0.4135429525	2111
750	0.4140950792	2127
751	0.414647206	2185
752	0.4151993328	2141
753	0.4157514595	2123
754	0.4163035863	2147
755	0.4168557131	2122
756	0.4174078399	2122
757	0.4179599666	2134
758	0.4185120934	2086
759	0.4190642202	2170
760	0.419616347	2127
761	0.4201684737	2128
762	0.4207206005	2098
763	0.4212727273	2121
764	0.421824854	2150
765	0.4223769808	2202
766	0.4229291076	2142
767	0.4234812344	2101
768	0.4240333611	2072
769	0.4245854879	2079
770	0.4251376147	2059
771	0.4256897415	2151
772	0.4262418682	2142
773	0.426793995	2044
774	0.4273461218	2186
775	0.4278982485	2094
776	0.4284503753	2110
777	0.4290025021	2052
778	0.4295546289	2091
779	0.4301067556	2161
780	0.4306588824	2115
781	0.4312110092	2099
782	0.4317631359	2096
783	0.4323152627	2083
784	0.4328673895	2129
785	0.4334195163	2122
786	0.433971643	2090
787	0.4345237698	2121
788	0.4350758966	2141
789	0.4356280234	2055
790	0.4361801501	2156
791	0.4367322769	2077
792	0.4372844037	2187
793	0.4378365304	2116
794	0.4383886572	2088
795	0.438940784	2085
796	0.4394929108	2105
797	0.4400450375	2075
798	0.4405971643	2050
799	0.4411492911	2034
800	0.4417014178	2147
801	0.4422535446	2041
802	0.4428056714	2094
803	0.4433577982	2078
804	0.4439099249	2091
805	0.4444620517	2046
806	0.4450141785	2130
807	0.4455663053	2041
808	0.446118432	2073
809	0.4466705588	2098
810	0.4472226856	2096
811	0.4477748123	2076
812	0.4483269391	2110
813	0.4488790659	1995
814	0.4494311927	2011
815	0.4499833194	1961
816	0.4505354462	1963
817	0.451087573	2045
818	0.4516396997	2005
819	0.4521918265	1960
820	0.4527439533	2012
821	0.4532960801	2074
822	0.4538482068	2014
823	0.4544003336	1999
824	0.4549524604	1915
825	0.4555045872	2005
826	0.4560567139	2050
827	0.4566088407	1963
828	0.4571609675	1961
829	0.4577130942	2005
830	0.458265221	1985
831	0.4588173478	1924
832	0.4593694746	1900
833	0.4599216013	1939
834	0.4604737281	1889
835	0.4610258549	1963
836	0.4615779817	1901
837	0.4621301084	1828
838	0.4626822352	1817
839	0.463234362	1898
840	0.4637864887	1822
841	0.4643386155	1941
842	0.4648907423	1869
843	0.4654428691	1864
844	0.4659949958	1910
845	0.4665471226	1944
846	0.4670992494	1793
847	0.4676513761	1881
848	0.4682035029	1840
849	0.4687556297	1808
850	0.4693077565	1821
851	0.4698598832	1853
852	0.47041201	1732
853	0.4709641368	1876
854	0.4715162636	1756
855	0.4720683903	1749
856	0.4726205171	1810
857	0.4731726439	1743
858	0.4737247706	1758
859	0.4742768974	1660
860	0.4748290242	1718
861	0.475381151	1767
862	0.4759332777	1713
863	0.4764854045	1682
864	0.4770375313	1688
865	0.477589658	1603
866	0.4781417848	1575
867	0.4786939116	1719
868	0.4792460384	1537
869	0.4797981651	1653
870	0.4803502919	1638
871	0.4809024187	1661
872	0.4814545455	1614
873	0.4820066722	1612
874	0.482558799	1521
875	0.4831109258	1556
876	0.4836630525	1502
877	0.4842151793	1578
878	0.4847673061	1577
879	0.4853194329	1533
880	0.4858715596	1541
881	0.4864236864	1497
882	0.4869758132	1511
883	0.4875279399	1490
884	0.4880800667	1458
885	0.4886321935	1459
886	0.4891843203	1424
887	0.489736447	1452
888	0.4902885738	1426
889	0.4908407006	1469
890	0.4913928274	1443
891	0.4919449541	1426
892	0.4924970809	1336
893	0.4930492077	1371
894	0.4936013344	1372
895	0.4941534612	1354
896	0.494705588	1371
897	0.4952577148	1357
898	0.4958098415	1350
899	0.4963619683	1350
900	0.4969140951	1336
901	0.4974662219	1339
902	0.4980183486	1310
903	0.4985704754	1373
904	0.4991226022	1292
905	0.4996747289	1330
906	0.5002268557	1258
907	0.5007789825	1205
908	0.5013311093	1226
909	0.501883236	1169
910	0.5024353628	1253
911	0.5029874896	1222
912	0.5035396163	1173
913	0.5040917431	1174
914	0.5046438699	1143
915	0.5051959967	1161
916	0.5057481234	1169
917	0.5063002502	1149
918	0.506852377	1197
919	0.5074045038	1131
920	0.5079566305	1117
921	0.5085087573	1151
922	0.5090608841	1182
923	0.5096130108	1183
924	0.5101651376	1133
925	0.5107172644	1155
926	0.5112693912	1115
927	0.5118215179	1076
928	0.5123736447	1164
929	0.5129257715	1110
930	0.5134778982	1091
931	0.514030025	1140
932	0.5145821518	1164
933	0.5151342786	1015
934	0.5156864053	1098
935	0.5162385321	1099
936	0.5167906589	1065
937	0.5173427857	1092
938	0.5178949124	1090
939	0.5184470392	1121
940	0.518999166	1047
941	0.5195512927	1049
942	0.5201034195	1093
943	0.5206555463	1040
944	0.5212076731	1037
945	0.5217597998	1066
946	0.5223119266	1087
947	0.5228640534	1059
948	0.5234161802	1050
949	0.5239683069	1074
950	0.5245204337	1021
951	0.5250725605	1017
952	0.5256246872	1033
953	0.526176814	1017
954	0.5267289408	989
955	0.5272810676	1055
956	0.5278331943	1038
957	0.5283853211	965
958	0.5289374479	979
959	0.5294895746	970
960	0.5300417014	957
961	0.5305938282	995
962	0.531145955	987
963	0.5316980817	980
964	0.5322502085	993
965	0.5328023353	999
966	0.5333544621	919
967	0.5339065888	965
968	0.5344587156	977
969	0.5350108424	918
970	0.5355629691	978
971	0.5361150959	986
972	0.5366672227	947
973	0.5372193495	940
974	0.5377714762	965
975	0.538323603	935
976	0.5388757298	899
977	0.5394278565	947
978	0.5399799833	940
979	0.5405321101	928
980	0.5410842369	1001
981	0.5416363636	917
982	0.5421884904	981
983	0.5427406172	915
984	0.543292744	896
985	0.5438448707	925
986	0.5443969975	924
987	0.5449491243	941
988	0.545501251	916
989	0.5460533778	889
990	0.5466055046	937
991	0.5471576314	880
992	0.5477097581	927
993	0.5482618849	970
994	0.5488140117	869
995	0.5493661384	849
996	0.5499182652	939
997	0.550470392	880
998	0.5510225188	873
999	0.5515746455	902
1000	0.5521267723	896
1001	0.5526788991	844
1002	0.5532310259	800
1003	0.5537831526	907
1004	0.5543352794	852
1005	0.5548874062	880
1006	0.5554395329	826
1007	0.5559916597	817
1008	0.5565437865	810
1009	0.5570959133	850
1010	0.55764804	842
1011	0.5582001668	828
1012	0.5587522936	840
1013	0.5593044204	810
1014	0.5598565471	817
1015	0.5604086739	866
1016	0.5609608007	859
1017	0.5615129274	872
1018	0.5620650542	862
1019	0.562617181	839
1020	0.5631693078	858
1021	0.5637214345	830
1022	0.5642735613	828
1023	0.5648256881	754
1024	0.5653778148	864
1025	0.5659299416	839
1026	0.5664820684	851
1027	0.5670341952	858
1028	0.5675863219	840
1029	0.5681384487	830
1030	0.5686905755	830
1031	0.5692427023	817
1032	0.569794829	804
1033	0.5703469558	842
1034	0.5708990826	795
1035	0.5714512093	858
1036	0.5720033361	847
1037	0.5725554629	867
1038	0.5731075897	741
1039	0.5736597164	890
1040	0.5742118432	827
1041	0.57476397	862
1042	0.5753160967	804
1043	0.5758682235	908
1044	0.5764203503	798
1045	0.5769724771	864
1046	0.5775246038	813
1047	0.5780767306	880
1048	0.5786288574	826
1049	0.5791809842	812
1050	0.5797331109	834
1051	0.5802852377	840
1052	0.5808373645	801
1053	0.5813894912	777
1054	0.581941618	816
1055	0.5824937448	837
1056	0.5830458716	905
1057	0.5835979983	853
1058	0.5841501251	855
1059	0.5847022519	858
1060	0.5852543786	813
1061	0.5858065054	844
1062	0.5863586322	817
1063	0.586910759	899
1064	0.5874628857	809
1065	0.5880150125	848
1066	0.5885671393	847
1067	0.5891192661	866
1068	0.5896713928	846
1069	0.5902235196	909
1070	0.5907756464	828
1071	0.5913277731	875
1072	0.5918798999	920
1073	0.5924320267	859
1074	0.5929841535	878
1075	0.5935362802	897
1076	0.594088407	873
1077	0.5946405338	922
1078	0.5951926606	895
1079	0.5957447873	952
1080	0.5962969141	964
1081	0.5968490409	913
1082	0.5974011676	912
1083	0.5979532944	920
1084	0.5985054212	913
1085	0.599057548	886
1086	0.5996096747	928
1087	0.6001618015	958
1088	0.6007139283	929
1089	0.601266055	1033
1090	0.6018181818	1000
1091	0.6023703086	985
1092	0.6029224354	988
1093	0.6034745621	1025
1094	0.6040266889	1038
1095	0.6045788157	1075
1096	0.6051309425	1025
1097	0.6056830692	1093
1098	0.606235196	1098
1099	0.6067873228	1096
1100	0.6073394495	1135
1101	0.6078915763	1122
1102	0.6084437031	1222
1103	0.6089958299	1096
1104	0.6095479566	1229
1105	0.6101000834	1206
1106	0.6106522102	1245
1107	0.6112043369	1250
1108	0.6117564637	1227
1109	0.6123085905	1309
1110	0.6128607173	1311
1111	0.613412844	1360
1112	0.6139649708	1329
1113	0.6145170976	1429
1114	0.6150692244	1440
1115	0.6156213511	1401
1116	0.6161734779	1475
1117	0.6167256047	1500
1118	0.6172777314	1522
1119	0.6178298582	1542
1120	0.618381985	1544
1121	0.6189341118	1656
1122	0.6194862385	1677
1123	0.6200383653	1767
1124	0.6205904921	1801
1125	0.6211426188	1812
1126	0.6216947456	1861
1127	0.6222468724	1981
1128	0.6227989992	1850
1129	0.6233511259	1956
1130	0.6239032527	2019
1131	0.6244553795	2058
1132	0.6250075063	2109
1133	0.625559633	2257
1134	0.6261117598	2153
1135	0.6266638866	2359
1136	0.6272160133	2275
1137	0.6277681401	2402
1138	0.6283202669	2477
1139	0.6288723937	2473
1140	0.6294245204	2574
1141	0.6299766472	2651
1142	0.630528774	2690
1143	0.6310809008	2740
1144	0.6316330275	2865
1145	0.6321851543	2888
1146	0.6327372811	2897
1147	0.6332894078	3073
1148	0.6338415346	3088
1149	0.6343936614	3193
1150	0.6349457882	3399
1151	0.6354979149	3227
1152	0.6360500417	3485
1153	0.6366021685	3574
1154	0.6371542952	3607
1155	0.637706422	3679
1156	0.6382585488	3786
1157	0.6388106756	3919
1158	0.6393628023	3972
1159	0.6399149291	3963
1160	0.6404670559	4196
1161	0.6410191827	4207
1162	0.6415713094	4182
1163	0.6421234362	4463
1164	0.642675563	4515
1165	0.6432276897	4610
1166	0.6437798165	4712
1167	0.6443319433	4656
1168	0.6448840701	4801
1169	0.6454361968	4980
1170	0.6459883236	5055
1171	0.6465404504	5214
1172	0.6470925771	5124
1173	0.6476447039	5317
1174	0.6481968307	5314
1175	0.6487489575	5731
1176	0.6493010842	5672
1177	0.649853211	5760
1178	0.6504053378	5750
1179	0.6509574646	6034
1180	0.6515095913	6066
1181	0.6520617181	6113
1182	0.6526138449	6314
1183	0.6531659716	6059
1184	0.6537180984	6385
1185	0.6542702252	6471
1186	0.654822352	6620
1187	0.6553744787	6771
1188	0.6559266055	6669
1189	0.6564787323	6829
1190	0.657030859	7022
1191	0.6575829858	7060
1192	0.6581351126	7108
1193	0.6586872394	7159
1194	0.6592393661	7276
1195	0.6597914929	7207
1196	0.6603436197	7157
1197	0.6608957465	7546
1198	0.6614478732	7611
1199	0.662		7569
1200	0.6625521268	7704
1201	0.6631042535	7771
1202	0.6636563803	7762
1203	0.6642085071	7814
1204	0.6647606339	7743
1205	0.6653127606	7850
1206	0.6658648874	7716
1207	0.6664170142	8189
1208	0.666969141	7936
1209	0.6675212677	8023
1210	0.6680733945	8151
1211	0.6686255213	7954
1212	0.669177648	8102
1213	0.6697297748	8281
1214	0.6702819016	7967
1215	0.6708340284	7874
1216	0.6713861551	8079
1217	0.6719382819	8054
1218	0.6724904087	8259
1219	0.6730425354	8302
1220	0.6735946622	7989
1221	0.674146789	7962
1222	0.6746989158	7967
1223	0.6752510425	8113
1224	0.6758031693	7943
1225	0.6763552961	8014
1226	0.6769074229	7799
1227	0.6774595496	8061
1228	0.6780116764	7804
1229	0.6785638032	8016
1230	0.6791159299	7763
1231	0.6796680567	7782
1232	0.6802201835	7737
1233	0.6807723103	7690
1234	0.681324437	7505
1235	0.6818765638	7423
1236	0.6824286906	7533
1237	0.6829808173	7311
1238	0.6835329441	7378
1239	0.6840850709	7250
1240	0.6846371977	7147
1241	0.6851893244	6966
1242	0.6857414512	6986
1243	0.686293578	6920
1244	0.6868457048	6818
1245	0.6873978315	6767
1246	0.6879499583	6591
1247	0.6885020851	6511
1248	0.6890542118	6249
1249	0.6896063386	6393
1250	0.6901584654	6178
1251	0.6907105922	6095
1252	0.6912627189	5961
1253	0.6918148457	5985
1254	0.6923669725	5838
1255	0.6929190992	5934
1256	0.693471226	5663
1257	0.6940233528	5449
1258	0.6945754796	5474
1259	0.6951276063	5430
1260	0.6956797331	5265
1261	0.6962318599	5192
1262	0.6967839867	5067
1263	0.6973361134	5146
1264	0.6978882402	4852
1265	0.698440367	4844
1266	0.6989924937	4574
1267	0.6995446205	4459
1268	0.7000967473	4457
1269	0.7006488741	4219
1270	0.7012010008	4047
1271	0.7017531276	4148
1272	0.7023052544	4067
1273	0.7028573812	3999
1274	0.7034095079	3831
1275	0.7039616347	3729
1276	0.7045137615	3577
1277	0.7050658882	3555
1278	0.705618015	3384
1279	0.7061701418	3131
1280	0.7067222686	3282
1281	0.7072743953	3193
1282	0.7078265221	3005
1283	0.7083786489	2982
1284	0.7089307756	2823
1285	0.7094829024	2786
1286	0.7100350292	2751
1287	0.710587156	2598
1288	0.7111392827	2598
1289	0.7116914095	2517
1290	0.7122435363	2423
1291	0.7127956631	2303
1292	0.7133477898	2295
1293	0.7138999166	2138
1294	0.7144520434	2026
1295	0.7150041701	1924
1296	0.7155562969	1903
1297	0.7161084237	1958
1298	0.7166605505	1841
1299	0.7172126772	1824
1300	0.717764804	1740
1301	0.7183169308	1653
1302	0.7188690575	1660
1303	0.7194211843	1590
1304	0.7199733111	1473
1305	0.7205254379	1514
1306	0.7210775646	1478
1307	0.7216296914	1346
1308	0.7221818182	1383
1309	0.722733945	1369
1310	0.7232860717	1279
1311	0.7238381985	1167
1312	0.7243903253	1212
1313	0.724942452	1155
1314	0.7254945788	1066
1315	0.7260467056	1067
1316	0.7265988324	1056
1317	0.7271509591	958
1318	0.7277030859	955
1319	0.7282552127	1028
1320	0.7288073394	890
1321	0.7293594662	898
1322	0.729911593	884
1323	0.7304637198	832
1324	0.7310158465	853
1325	0.7315679733	807
1326	0.7321201001	786
1327	0.7326722269	734
1328	0.7332243536	742
1329	0.7337764804	718
1330	0.7343286072	785
1331	0.7348807339	683
1332	0.7354328607	700
1333	0.7359849875	693
1334	0.7365371143	699
1335	0.737089241	654
1336	0.7376413678	607
1337	0.7381934946	620
1338	0.7387456214	655
1339	0.7392977481	594
1340	0.7398498749	592
1341	0.7404020017	530
1342	0.7409541284	564
1343	0.7415062552	513
1344	0.742058382	595
1345	0.7426105088	548
1346	0.7431626355	504
1347	0.7437147623	505
1348	0.7442668891	533
1349	0.7448190158	522
1350	0.7453711426	537
1351	0.7459232694	496
1352	0.7464753962	499
1353	0.7470275229	515
1354	0.7475796497	473
1355	0.7481317765	495
1356	0.7486839033	512
1357	0.74923603	480
1358	0.7497881568	476
1359	0.7503402836	459
1360	0.7508924103	449
1361	0.7514445371	422
1362	0.7519966639	457
1363	0.7525487907	437
1364	0.7531009174	437
1365	0.7536530442	443
1366	0.754205171	465
1367	0.7547572977	437
1368	0.7553094245	414
1369	0.7558615513	468
1370	0.7564136781	397
1371	0.7569658048	449
1372	0.7575179316	425
1373	0.7580700584	407
1374	0.7586221852	423
1375	0.7591743119	395
1376	0.7597264387	427
1377	0.7602785655	418
1378	0.7608306922	432
1379	0.761382819	425
1380	0.7619349458	431
1381	0.7624870726	399
1382	0.7630391993	408
1383	0.7635913261	407
1384	0.7641434529	411
1385	0.7646955796	398
1386	0.7652477064	402
1387	0.7657998332	371
1388	0.76635196	395
1389	0.7669040867	415
1390	0.7674562135	375
1391	0.7680083403	403
1392	0.7685604671	408
1393	0.7691125938	345
1394	0.7696647206	377
1395	0.7702168474	396
1396	0.7707689741	388
1397	0.7713211009	397
1398	0.7718732277	388
1399	0.7724253545	392
1400	0.7729774812	372
1401	0.773529608	375
1402	0.7740817348	365
1403	0.7746338616	410
1404	0.7751859883	355
1405	0.7757381151	372
1406	0.7762902419	377
1407	0.7768423686	386
1408	0.7773944954	399
1409	0.7779466222	376
1410	0.778498749	343
1411	0.7790508757	375
1412	0.7796030025	353
1413	0.7801551293	365
1414	0.780707256	378
1415	0.7812593828	360
1416	0.7818115096	378
1417	0.7823636364	377
1418	0.7829157631	344
1419	0.7834678899	370
1420	0.7840200167	374
1421	0.7845721435	361
1422	0.7851242702	306
1423	0.785676397	365
1424	0.7862285238	333
1425	0.7867806505	344
1426	0.7873327773	352
1427	0.7878849041	360
1428	0.7884370309	332
1429	0.7889891576	305
1430	0.7895412844	378
1431	0.7900934112	357
1432	0.7906455379	341
1433	0.7911976647	352
1434	0.7917497915	363
1435	0.7923019183	355
1436	0.792854045	336
1437	0.7934061718	324
1438	0.7939582986	331
1439	0.7945104254	339
1440	0.7950625521	340
1441	0.7956146789	356
1442	0.7961668057	339
1443	0.7967189324	326
1444	0.7972710592	336
1445	0.797823186	356
1446	0.7983753128	353
1447	0.7989274395	341
1448	0.7994795663	357
1449	0.8000316931	378
1450	0.8005838198	355
1451	0.8011359466	354
1452	0.8016880734	360
1453	0.8022402002	351
1454	0.8027923269	336
1455	0.8033444537	364
1456	0.8038965805	351
1457	0.8044487073	365
1458	0.805000834	344
1459	0.8055529608	357
1460	0.8061050876	346
1461	0.8066572143	329
1462	0.8072093411	348
1463	0.8077614679	333
1464	0.8083135947	363
1465	0.8088657214	351
1466	0.8094178482	351
1467	0.809969975	340
1468	0.8105221018	323
1469	0.8110742285	334
1470	0.8116263553	305
1471	0.8121784821	263
1472	0.8127306088	334
1473	0.8132827356	346
1474	0.8138348624	301
1475	0.8143869892	329
1476	0.8149391159	350
1477	0.8154912427	342
1478	0.8160433695	337
1479	0.8165954962	340
1480	0.817147623	312
1481	0.8176997498	344
1482	0.8182518766	325
1483	0.8188040033	365
1484	0.8193561301	333
1485	0.8199082569	335
1486	0.8204603837	320
1487	0.8210125104	325
1488	0.8215646372	330
1489	0.822116764	306
1490	0.8226688907	299
1491	0.8232210175	348
1492	0.8237731443	354
1493	0.8243252711	325
1494	0.8248773978	326
1495	0.8254295246	338
1496	0.8259816514	354
1497	0.8265337781	289
1498	0.8270859049	331
1499	0.8276380317	351
1500	0.8281901585	360
1501	0.8287422852	342
1502	0.829294412	315
1503	0.8298465388	316
1504	0.8303986656	320
1505	0.8309507923	334
1506	0.8315029191	311
1507	0.8320550459	318
1508	0.8326071726	323
1509	0.8331592994	288
1510	0.8337114262	328
1511	0.834263553	326
1512	0.8348156797	347
1513	0.8353678065	323
1514	0.8359199333	300
1515	0.8364720601	328
1516	0.8370241868	321
1517	0.8375763136	338
1518	0.8381284404	325
1519	0.8386805671	325
1520	0.8392326939	339
1521	0.8397848207	328
1522	0.8403369475	317
1523	0.8408890742	282
1524	0.841441201	305
1525	0.8419933278	317
1526	0.8425454545	345
1527	0.8430975813	354
1528	0.8436497081	335
1529	0.8442018349	348
1530	0.8447539616	322
1531	0.8453060884	350
1532	0.8458582152	335
1533	0.846410342	324
1534	0.8469624687	312
1535	0.8475145955	313
1536	0.8480667223	304
1537	0.848618849	309
1538	0.8491709758	293
1539	0.8497231026	327
1540	0.8502752294	323
1541	0.8508273561	308
1542	0.8513794829	308
1543	0.8519316097	335
1544	0.8524837364	294
1545	0.8530358632	321
1546	0.85358799	290
1547	0.8541401168	282
1548	0.8546922435	337
1549	0.8552443703	302
1550	0.8557964971	298
1551	0.8563486239	298
1552	0.8569007506	306
1553	0.8574528774	310
1554	0.8580050042	314
1555	0.8585571309	306
1556	0.8591092577	333
1557	0.8596613845	333
1558	0.8602135113	244
1559	0.860765638	304
1560	0.8613177648	287
1561	0.8618698916	310
1562	0.8624220183	280
1563	0.8629741451	315
1564	0.8635262719	299
1565	0.8640783987	311
1566	0.8646305254	278
1567	0.8651826522	295
1568	0.865734779	313
1569	0.8662869058	280
1570	0.8668390325	291
1571	0.8673911593	326
1572	0.8679432861	285
1573	0.8684954128	308
1574	0.8690475396	309
1575	0.8695996664	280
1576	0.8701517932	289
1577	0.8707039199	277
1578	0.8712560467	312
1579	0.8718081735	296
1580	0.8723603003	304
1581	0.872912427	275
1582	0.8734645538	315
1583	0.8740166806	303
1584	0.8745688073	285
1585	0.8751209341	293
1586	0.8756730609	273
1587	0.8762251877	286
1588	0.8767773144	278
1589	0.8773294412	261
1590	0.877881568	270
1591	0.8784336947	308
1592	0.8789858215	291
1593	0.8795379483	296
1594	0.8800900751	278
1595	0.8806422018	300
1596	0.8811943286	304
1597	0.8817464554	292
1598	0.8822985822	298
1599	0.8828507089	264
1600	0.8834028357	260
1601	0.8839549625	290
1602	0.8845070892	280
1603	0.885059216	305
1604	0.8856113428	269
1605	0.8861634696	271
1606	0.8867155963	273
1607	0.8872677231	283
1608	0.8878198499	258
1609	0.8883719766	252
1610	0.8889241034	249
1611	0.8894762302	280
1612	0.890028357	267
1613	0.8905804837	265
1614	0.8911326105	244
1615	0.8916847373	282
1616	0.8922368641	271
1617	0.8927889908	281
1618	0.8933411176	290
1619	0.8938932444	260
1620	0.8944453711	297
1621	0.8949974979	259
1622	0.8955496247	271
1623	0.8961017515	278
1624	0.8966538782	270
1625	0.897206005	286
1626	0.8977581318	278
1627	0.8983102585	248
1628	0.8988623853	268
1629	0.8994145121	262
1630	0.8999666389	282
1631	0.9005187656	268
1632	0.9010708924	250
1633	0.9016230192	260
1634	0.902175146	249
1635	0.9027272727	210
1636	0.9032793995	253
1637	0.9038315263	280
1638	0.904383653	247
1639	0.9049357798	283
1640	0.9054879066	242
1641	0.9060400334	231
1642	0.9065921601	233
1643	0.9071442869	284
1644	0.9076964137	248
1645	0.9082485405	232
1646	0.9088006672	273
1647	0.909352794	249
1648	0.9099049208	259
1649	0.9104570475	273
1650	0.9110091743	277
1651	0.9115613011	235
1652	0.9121134279	251
1653	0.9126655546	241
1654	0.9132176814	261
1655	0.9137698082	245
1656	0.9143219349	241
1657	0.9148740617	257
1658	0.9154261885	260
1659	0.9159783153	262
1660	0.916530442	266
1661	0.9170825688	221
1662	0.9176346956	260
1663	0.9181868224	250
1664	0.9187389491	255
1665	0.9192910759	241
1666	0.9198432027	230
1667	0.9203953294	254
1668	0.9209474562	239
1669	0.921499583	220
1670	0.9220517098	248
1671	0.9226038365	242
1672	0.9231559633	269
1673	0.9237080901	230
1674	0.9242602168	254
1675	0.9248123436	244
1676	0.9253644704	243
1677	0.9259165972	236
1678	0.9264687239	255
1679	0.9270208507	255
1680	0.9275729775	221
1681	0.9281251043	240
1682	0.928677231	239
1683	0.9292293578	240
1684	0.9297814846	223
1685	0.9303336113	253
1686	0.9308857381	243
1687	0.9314378649	265
1688	0.9319899917	242
1689	0.9325421184	228
1690	0.9330942452	246
1691	0.933646372	243
1692	0.9341984987	242
1693	0.9347506255	256
1694	0.9353027523	259
1695	0.9358548791	222
1696	0.9364070058	234
1697	0.9369591326	231
1698	0.9375112594	254
1699	0.9380633862	215
1700	0.9386155129	240
1701	0.9391676397	227
1702	0.9397197665	236
1703	0.9402718932	227
1704	0.94082402	238
1705	0.9413761468	220
1706	0.9419282736	245
1707	0.9424804003	227
1708	0.9430325271	229
1709	0.9435846539	236
1710	0.9441367807	244
1711	0.9446889074	209
1712	0.9452410342	215
1713	0.945793161	214
1714	0.9463452877	217
1715	0.9468974145	223
1716	0.9474495413	212
1717	0.9480016681	229
1718	0.9485537948	226
1719	0.9491059216	224
1720	0.9496580484	224
1721	0.9502101751	199
1722	0.9507623019	241
1723	0.9513144287	219
1724	0.9518665555	221
1725	0.9524186822	215
1726	0.952970809	240
1727	0.9535229358	239
1728	0.9540750626	217
1729	0.9546271893	199
1730	0.9551793161	205
1731	0.9557314429	231
1732	0.9562835696	208
1733	0.9568356964	202
1734	0.9573878232	221
1735	0.95793995	227
1736	0.9584920767	217
1737	0.9590442035	214
1738	0.9595963303	220
1739	0.960148457	232
1740	0.9607005838	216
1741	0.9612527106	201
1742	0.9618048374	217
1743	0.9623569641	210
1744	0.9629090909	207
1745	0.9634612177	195
1746	0.9640133445	206
1747	0.9645654712	214
1748	0.965117598	215
1749	0.9656697248	220
1750	0.9662218515	197
1751	0.9667739783	220
1752	0.9673261051	195
1753	0.9678782319	205
1754	0.9684303586	191
1755	0.9689824854	207
1756	0.9695346122	202
1757	0.9700867389	206
1758	0.9706388657	208
1759	0.9711909925	202
1760	0.9717431193	194
1761	0.972295246	196
1762	0.9728473728	202
1763	0.9733994996	231
1764	0.9739516264	189
1765	0.9745037531	216
1766	0.9750558799	205
1767	0.9756080067	186
1768	0.9761601334	195
1769	0.9767122602	188
1770	0.977264387	214
1771	0.9778165138	187
1772	0.9783686405	195
1773	0.9789207673	196
1774	0.9794728941	193
1775	0.9800250209	216
1776	0.9805771476	194
1777	0.9811292744	154
1778	0.9816814012	194
1779	0.9822335279	207
1780	0.9827856547	179
1781	0.9833377815	200
1782	0.9838899083	211
1783	0.984442035	192
1784	0.9849941618	183
1785	0.9855462886	202
1786	0.9860984153	218
1787	0.9866505421	183
1788	0.9872026689	192
1789	0.9877547957	222
1790	0.9883069224	183
1791	0.9888590492	215
1792	0.989411176	179
1793	0.9899633028	180
1794	0.9905154295	162
1795	0.9910675563	194
1796	0.9916196831	178
1797	0.9921718098	177
1798	0.9927239366	168
1799	0.9932760634	195
1800	0.9938281902	198
1801	0.9943803169	178
1802	0.9949324437	213
1803	0.9954845705	199
1804	0.9960366972	196
1805	0.996588824	206
1806	0.9971409508	197
1807	0.9976930776	191
1808	0.9982452043	182
1809	0.9987973311	217
1810	0.9993494579	188
1811	0.9999015847	193
1812	1.000453711	193
1813	1.001005838	190
1814	1.001557965	200
1815	1.002110092	187
1816	1.002662219	196
1817	1.003214345	172
1818	1.003766472	153
1819	1.004318599	191
1820	1.004870726	179
1821	1.005422852	167
1822	1.005974979	191
1823	1.006527106	148
1824	1.007079233	181
1825	1.007631359	185
1826	1.008183486	183
1827	1.008735613	195
1828	1.00928774	179
1829	1.009839867	187
1830	1.010391993	165
1831	1.01094412	208
1832	1.011496247	170
1833	1.012048374	181
1834	1.0126005	188
1835	1.013152627	173
1836	1.013704754	200
1837	1.014256881	186
1838	1.014809008	194
1839	1.015361134	190
1840	1.015913261	153
1841	1.016465388	161
1842	1.017017515	190
1843	1.017569641	165
1844	1.018121768	163
1845	1.018673895	183
1846	1.019226022	155
1847	1.019778148	168
1848	1.020330275	175
1849	1.020882402	165
1850	1.021434529	184
1851	1.021986656	168
1852	1.022538782	176
1853	1.023090909	179
1854	1.023643036	161
1855	1.024195163	171
1856	1.024747289	180
1857	1.025299416	163
1858	1.025851543	179
1859	1.02640367	188
1860	1.026955796	164
1861	1.027507923	150
1862	1.02806005	164
1863	1.028612177	181
1864	1.029164304	179
1865	1.02971643	165
1866	1.030268557	182
1867	1.030820684	161
1868	1.031372811	159
1869	1.031924937	172
1870	1.032477064	202
1871	1.033029191	185
1872	1.033581318	156
1873	1.034133445	168
1874	1.034685571	157
1875	1.035237698	163
1876	1.035789825	180
1877	1.036341952	176
1878	1.036894078	160
1879	1.037446205	190
1880	1.037998332	182
1881	1.038550459	187
1882	1.039102585	164
1883	1.039654712	167
1884	1.040206839	169
1885	1.040758966	150
1886	1.041311093	164
1887	1.041863219	173
1888	1.042415346	142
1889	1.042967473	159
1890	1.0435196	155
1891	1.044071726	169
1892	1.044623853	174
1893	1.04517598	161
1894	1.045728107	176
1895	1.046280234	133
1896	1.04683236	133
1897	1.047384487	136
1898	1.047936614	159
1899	1.048488741	153
1900	1.049040867	146
1901	1.049592994	172
1902	1.050145121	150
1903	1.050697248	125
1904	1.051249374	174
1905	1.051801501	144
1906	1.052353628	169
1907	1.052905755	161
1908	1.053457882	146
1909	1.054010008	159
1910	1.054562135	147
1911	1.055114262	166
1912	1.055666389	146
1913	1.056218515	170
1914	1.056770642	162
1915	1.057322769	165
1916	1.057874896	163
1917	1.058427023	175
1918	1.058979149	165
1919	1.059531276	175
1920	1.060083403	132
1921	1.06063553	150
1922	1.061187656	150
1923	1.061739783	150
1924	1.06229191	171
1925	1.062844037	154
1926	1.063396163	135
1927	1.06394829	165
1928	1.064500417	179
1929	1.065052544	143
1930	1.065604671	150
1931	1.066156797	158
1932	1.066708924	166
1933	1.067261051	168
1934	1.067813178	149
1935	1.068365304	158
1936	1.068917431	140
1937	1.069469558	178
1938	1.070021685	171
1939	1.070573812	135
1940	1.071125938	133
1941	1.071678065	153
1942	1.072230192	164
1943	1.072782319	151
1944	1.073334445	148
1945	1.073886572	143
1946	1.074438699	172
1947	1.074990826	144
1948	1.075542952	139
1949	1.076095079	140
1950	1.076647206	148
1951	1.077199333	166
1952	1.07775146	120
1953	1.078303586	153
1954	1.078855713	145
1955	1.07940784	145
1956	1.079959967	154
1957	1.080512093	150
1958	1.08106422	157
1959	1.081616347	155
1960	1.082168474	128
1961	1.082720601	149
1962	1.083272727	165
1963	1.083824854	153
1964	1.084376981	146
1965	1.084929108	140
1966	1.085481234	148
1967	1.086033361	136
1968	1.086585488	141
1969	1.087137615	144
1970	1.087689741	152
1971	1.088241868	151
1972	1.088793995	158
1973	1.089346122	143
1974	1.089898249	155
1975	1.090450375	146
1976	1.091002502	134
1977	1.091554629	136
1978	1.092106756	135
1979	1.092658882	126
1980	1.093211009	133
1981	1.093763136	160
1982	1.094315263	137
1983	1.094867389	138
1984	1.095419516	126
1985	1.095971643	144
1986	1.09652377	158
1987	1.097075897	124
1988	1.097628023	148
1989	1.09818015	132
1990	1.098732277	130
1991	1.099284404	136
1992	1.09983653	147
1993	1.100388657	146
1994	1.100940784	121
1995	1.101492911	131
1996	1.102045038	125
1997	1.102597164	131
1998	1.103149291	154
1999	1.103701418	142
2000	1.104253545	134
2001	1.104805671	137
2002	1.105357798	129
2003	1.105909925	145
2004	1.106462052	120
2005	1.107014178	155
2006	1.107566305	123
2007	1.108118432	143
2008	1.108670559	140
2009	1.109222686	136
2010	1.109774812	130
2011	1.110326939	143
2012	1.110879066	130
2013	1.111431193	132
2014	1.111983319	125
2015	1.112535446	140
2016	1.113087573	131
2017	1.1136397	138
2018	1.114191827	114
2019	1.114743953	145
2020	1.11529608	118
2021	1.115848207	121
2022	1.116400334	114
2023	1.11695246	130
2024	1.117504587	120
2025	1.118056714	127
2026	1.118608841	141
2027	1.119160967	125
2028	1.119713094	115
2029	1.120265221	129
2030	1.120817348	119
2031	1.121369475	139
2032	1.121921601	126
2033	1.122473728	118
2034	1.123025855	137
2035	1.123577982	131
2036	1.124130108	122
2037	1.124682235	132
2038	1.125234362	125
2039	1.125786489	116
2040	1.126338616	125
2041	1.126890742	132
2042	1.127442869	112
2043	1.127994996	128
2044	1.128547123	134
2045	1.129099249	114
2046	1.129651376	115
2047	1.130203503	137
2048	1.13075563	130
2049	1.131307756	107
2050	1.131859883	105
2051	1.13241201	108
2052	1.132964137	130
2053	1.133516264	88
2054	1.13406839	115
2055	1.134620517	106
2056	1.135172644	128
2057	1.135724771	124
2058	1.136276897	119
2059	1.136829024	113
2060	1.137381151	130
2061	1.137933278	100
2062	1.138485405	133
2063	1.139037531	102
2064	1.139589658	109
2065	1.140141785	119
2066	1.140693912	137
2067	1.141246038	116
2068	1.141798165	116
2069	1.142350292	107
2070	1.142902419	139
2071	1.143454545	118
2072	1.144006672	126
2073	1.144558799	118
2074	1.145110926	150
2075	1.145663053	125
2076	1.146215179	108
2077	1.146767306	116
2078	1.147319433	112
2079	1.14787156	97
2080	1.148423686	111
2081	1.148975813	100
2082	1.14952794	115
2083	1.150080067	113
2084	1.150632193	125
2085	1.15118432	101
2086	1.151736447	104
2087	1.152288574	129
2088	1.152840701	111
2089	1.153392827	105
2090	1.153944954	110
2091	1.154497081	115
2092	1.155049208	124
2093	1.155601334	108
2094	1.156153461	96
2095	1.156705588	88
2096	1.157257715	115
2097	1.157809842	111
2098	1.158361968	86
2099	1.158914095	103
2100	1.159466222	124
2101	1.160018349	129
2102	1.160570475	104
2103	1.161122602	114
2104	1.161674729	105
2105	1.162226856	96
2106	1.162778982	96
2107	1.163331109	110
2108	1.163883236	112
2109	1.164435363	105
2110	1.16498749	100
2111	1.165539616	105
2112	1.166091743	91
2113	1.16664387	98
2114	1.167195997	109
2115	1.167748123	87
2116	1.16830025	105
2117	1.168852377	94
2118	1.169404504	109
2119	1.169956631	107
2120	1.170508757	97
2121	1.171060884	86
2122	1.171613011	95
2123	1.172165138	125
2124	1.172717264	112
2125	1.173269391	101
2126	1.173821518	104
2127	1.174373645	105
2128	1.174925771	89
2129	1.175477898	95
2130	1.176030025	107
2131	1.176582152	103
2132	1.177134279	93
2133	1.177686405	104
2134	1.178238532	103
2135	1.178790659	109
2136	1.179342786	88
2137	1.179894912	93
2138	1.180447039	111
2139	1.180999166	104
2140	1.181551293	89
2141	1.18210342	97
2142	1.182655546	88
2143	1.183207673	86
2144	1.1837598	94
2145	1.184311927	102
2146	1.184864053	84
2147	1.18541618	71
2148	1.185968307	99
2149	1.186520434	85
2150	1.18707256	103
2151	1.187624687	97
2152	1.188176814	89
2153	1.188728941	96
2154	1.189281068	110
2155	1.189833194	117
2156	1.190385321	97
2157	1.190937448	89
2158	1.191489575	95
2159	1.192041701	79
2160	1.192593828	93
2161	1.193145955	107
2162	1.193698082	86
2163	1.194250209	99
2164	1.194802335	103
2165	1.195354462	97
2166	1.195906589	99
2167	1.196458716	99
2168	1.197010842	89
2169	1.197562969	85
2170	1.198115096	81
2171	1.198667223	93
2172	1.199219349	84
2173	1.199771476	89
2174	1.200323603	94
2175	1.20087573	77
2176	1.201427857	77
2177	1.201979983	96
2178	1.20253211	107
2179	1.203084237	94
2180	1.203636364	76
2181	1.20418849	99
2182	1.204740617	91
2183	1.205292744	81
2184	1.205844871	87
2185	1.206396997	89
2186	1.206949124	92
2187	1.207501251	88
2188	1.208053378	86
2189	1.208605505	95
2190	1.209157631	84
2191	1.209709758	80
2192	1.210261885	95
2193	1.210814012	85
2194	1.211366138	80
2195	1.211918265	91
2196	1.212470392	87
2197	1.213022519	92
2198	1.213574646	94
2199	1.214126772	71
2200	1.214678899	91
2201	1.215231026	76
2202	1.215783153	82
2203	1.216335279	98
2204	1.216887406	95
2205	1.217439533	96
2206	1.21799166	97
2207	1.218543786	85
2208	1.219095913	77
2209	1.21964804	82
2210	1.220200167	69
2211	1.220752294	83
2212	1.22130442	78
2213	1.221856547	75
2214	1.222408674	66
2215	1.222960801	84
2216	1.223512927	96
2217	1.224065054	79
2218	1.224617181	89
2219	1.225169308	86
2220	1.225721435	80
2221	1.226273561	81
2222	1.226825688	83
2223	1.227377815	91
2224	1.227929942	97
2225	1.228482068	77
2226	1.229034195	72
2227	1.229586322	86
2228	1.230138449	92
2229	1.230690575	78
2230	1.231242702	77
2231	1.231794829	86
2232	1.232346956	75
2233	1.232899083	77
2234	1.233451209	90
2235	1.234003336	88
2236	1.234555463	85
2237	1.23510759	77
2238	1.235659716	94
2239	1.236211843	83
2240	1.23676397	93
2241	1.237316097	100
2242	1.237868224	94
2243	1.23842035	73
2244	1.238972477	88
2245	1.239524604	68
2246	1.240076731	84
2247	1.240628857	95
2248	1.241180984	90
2249	1.241733111	91
2250	1.242285238	84
2251	1.242837364	82
2252	1.243389491	78
2253	1.243941618	99
2254	1.244493745	88
2255	1.245045872	109
2256	1.245597998	87
2257	1.246150125	85
2258	1.246702252	85
2259	1.247254379	88
2260	1.247806505	84
2261	1.248358632	87
2262	1.248910759	99
2263	1.249462886	83
2264	1.250015013	84
2265	1.250567139	83
2266	1.251119266	90
2267	1.251671393	89
2268	1.25222352	98
2269	1.252775646	93
2270	1.253327773	85
2271	1.2538799	79
2272	1.254432027	77
2273	1.254984153	81
2274	1.25553628	94
2275	1.256088407	111
2276	1.256640534	79
2277	1.257192661	76
2278	1.257744787	84
2279	1.258296914	108
2280	1.258849041	82
2281	1.259401168	89
2282	1.259953294	88
2283	1.260505421	95
2284	1.261057548	97
2285	1.261609675	74
2286	1.262161802	82
2287	1.262713928	103
2288	1.263266055	91
2289	1.263818182	87
2290	1.264370309	101
2291	1.264922435	104
2292	1.265474562	94
2293	1.266026689	81
2294	1.266578816	81
2295	1.267130942	98
2296	1.267683069	96
2297	1.268235196	81
2298	1.268787323	83
2299	1.26933945	85
2300	1.269891576	94
2301	1.270443703	95
2302	1.27099583	89
2303	1.271547957	100
2304	1.272100083	85
2305	1.27265221	84
2306	1.273204337	84
2307	1.273756464	94
2308	1.27430859	83
2309	1.274860717	97
2310	1.275412844	89
2311	1.275964971	90
2312	1.276517098	93
2313	1.277069224	88
2314	1.277621351	94
2315	1.278173478	105
2316	1.278725605	98
2317	1.279277731	95
2318	1.279829858	102
2319	1.280381985	91
2320	1.280934112	93
2321	1.281486239	98
2322	1.282038365	92
2323	1.282590492	103
2324	1.283142619	98
2325	1.283694746	71
2326	1.284246872	110
2327	1.284798999	82
2328	1.285351126	90
2329	1.285903253	102
2330	1.286455379	94
2331	1.287007506	86
2332	1.287559633	87
2333	1.28811176	84
2334	1.288663887	90
2335	1.289216013	95
2336	1.28976814	86
2337	1.290320267	99
2338	1.290872394	92
2339	1.29142452	101
2340	1.291976647	110
2341	1.292528774	106
2342	1.293080901	78
2343	1.293633028	92
2344	1.294185154	101
2345	1.294737281	102
2346	1.295289408	113
2347	1.295841535	90
2348	1.296393661	87
2349	1.296945788	95
2350	1.297497915	91
2351	1.298050042	89
2352	1.298602168	88
2353	1.299154295	88
2354	1.299706422	105
2355	1.300258549	92
2356	1.300810676	105
2357	1.301362802	102
2358	1.301914929	110
2359	1.302467056	101
2360	1.303019183	108
2361	1.303571309	88
2362	1.304123436	102
2363	1.304675563	113
2364	1.30522769	99
2365	1.305779817	90
2366	1.306331943	101
2367	1.30688407	101
2368	1.307436197	97
2369	1.307988324	84
2370	1.30854045	113
2371	1.309092577	109
2372	1.309644704	98
2373	1.310196831	101
2374	1.310748957	92
2375	1.311301084	108
2376	1.311853211	105
2377	1.312405338	88
2378	1.312957465	93
2379	1.313509591	108
2380	1.314061718	114
2381	1.314613845	107
2382	1.315165972	103
2383	1.315718098	104
2384	1.316270225	109
2385	1.316822352	119
2386	1.317374479	110
2387	1.317926606	92
2388	1.318478732	103
2389	1.319030859	108
2390	1.319582986	107
2391	1.320135113	85
2392	1.320687239	112
2393	1.321239366	112
2394	1.321791493	105
2395	1.32234362	108
2396	1.322895746	94
2397	1.323447873	81
2398	1.324		104
2399	1.324552127	97
2400	1.325104254	91
2401	1.32565638	122
2402	1.326208507	96
2403	1.326760634	98
2404	1.327312761	97
2405	1.327864887	120
2406	1.328417014	114
2407	1.328969141	118
2408	1.329521268	107
2409	1.330073394	110
2410	1.330625521	115
2411	1.331177648	109
2412	1.331729775	102
2413	1.332281902	114
2414	1.332834028	111
2415	1.333386155	100
2416	1.333938282	116
2417	1.334490409	100
2418	1.335042535	122
2419	1.335594662	82
2420	1.336146789	88
2421	1.336698916	105
2422	1.337251043	125
2423	1.337803169	116
2424	1.338355296	115
2425	1.338907423	103
2426	1.33945955	128
2427	1.340011676	98
2428	1.340563803	102
2429	1.34111593	102
2430	1.341668057	102
2431	1.342220183	87
2432	1.34277231	102
2433	1.343324437	107
2434	1.343876564	80
2435	1.344428691	98
2436	1.344980817	94
2437	1.345532944	109
2438	1.346085071	99
2439	1.346637198	96
2440	1.347189324	94
2441	1.347741451	89
2442	1.348293578	72
2443	1.348845705	91
2444	1.349397832	103
2445	1.349949958	99
2446	1.350502085	116
2447	1.351054212	103
2448	1.351606339	84
2449	1.352158465	103
2450	1.352710592	90
2451	1.353262719	104
2452	1.353814846	100
2453	1.354366972	82
2454	1.354919099	96
2455	1.355471226	89
2456	1.356023353	88
2457	1.35657548	89
2458	1.357127606	89
2459	1.357679733	105
2460	1.35823186	94
2461	1.358783987	84
2462	1.359336113	91
2463	1.35988824	85
2464	1.360440367	91
2465	1.360992494	95
2466	1.361544621	81
2467	1.362096747	86
2468	1.362648874	87
2469	1.363201001	85
2470	1.363753128	93
2471	1.364305254	81
2472	1.364857381	85
2473	1.365409508	74
2474	1.365961635	89
2475	1.366513761	87
2476	1.367065888	91
2477	1.367618015	92
2478	1.368170142	75
2479	1.368722269	73
2480	1.369274395	78
2481	1.369826522	89
2482	1.370378649	80
2483	1.370930776	86
2484	1.371482902	88
2485	1.372035029	60
2486	1.372587156	67
2487	1.373139283	81
2488	1.37369141	78
2489	1.374243536	73
2490	1.374795663	69
2491	1.37534779	72
2492	1.375899917	67
2493	1.376452043	77
2494	1.37700417	77
2495	1.377556297	54
2496	1.378108424	69
2497	1.37866055	60
2498	1.379212677	60
2499	1.379764804	69
2500	1.380316931	71
2501	1.380869058	72
2502	1.381421184	74
2503	1.381973311	62
2504	1.382525438	57
2505	1.383077565	61
2506	1.383629691	57
2507	1.384181818	71
2508	1.384733945	58
2509	1.385286072	62
2510	1.385838198	56
2511	1.386390325	65
2512	1.386942452	75
2513	1.387494579	63
2514	1.388046706	53
2515	1.388598832	55
2516	1.389150959	53
2517	1.389703086	49
2518	1.390255213	61
2519	1.390807339	59
2520	1.391359466	46
2521	1.391911593	70
2522	1.39246372	57
2523	1.393015847	50
2524	1.393567973	49
2525	1.3941201	47
2526	1.394672227	45
2527	1.395224354	45
2528	1.39577648	36
2529	1.396328607	43
2530	1.396880734	50
2531	1.397432861	38
2532	1.397984987	36
2533	1.398537114	43
2534	1.399089241	46
2535	1.399641368	34
2536	1.400193495	37
2537	1.400745621	50
2538	1.401297748	52
2539	1.401849875	48
2540	1.402402002	41
2541	1.402954128	43
2542	1.403506255	43
2543	1.404058382	46
2544	1.404610509	34
2545	1.405162636	48
2546	1.405714762	48
2547	1.406266889	36
2548	1.406819016	35
2549	1.407371143	34
2550	1.407923269	21
2551	1.408475396	30
2552	1.409027523	28
2553	1.40957965	28
2554	1.410131776	30
2555	1.410683903	36
2556	1.41123603	34
2557	1.411788157	24
2558	1.412340284	35
2559	1.41289241	23
2560	1.413444537	26
2561	1.413996664	24
2562	1.414548791	29
2563	1.415100917	33
2564	1.415653044	39
2565	1.416205171	24
2566	1.416757298	23
2567	1.417309425	30
2568	1.417861551	27
2569	1.418413678	22
2570	1.418965805	33
2571	1.419517932	21
2572	1.420070058	33
2573	1.420622185	17
2574	1.421174312	32
2575	1.421726439	28
2576	1.422278565	25
2577	1.422830692	25
2578	1.423382819	22
2579	1.423934946	21
2580	1.424487073	16
2581	1.425039199	21
2582	1.425591326	34
2583	1.426143453	26
2584	1.42669558	17
2585	1.427247706	25
2586	1.427799833	24
2587	1.42835196	25
2588	1.428904087	26
2589	1.429456214	22
2590	1.43000834	16
2591	1.430560467	17
2592	1.431112594	25
2593	1.431664721	13
2594	1.432216847	21
2595	1.432768974	21
2596	1.433321101	17
2597	1.433873228	21
2598	1.434425354	11
2599	1.434977481	16
2600	1.435529608	15
2601	1.436081735	18
2602	1.436633862	10
2603	1.437185988	11
2604	1.437738115	20
2605	1.438290242	11
2606	1.438842369	21
2607	1.439394495	26
2608	1.439946622	17
2609	1.440498749	21
2610	1.441050876	14
2611	1.441603003	13
2612	1.442155129	21
2613	1.442707256	18
2614	1.443259383	10
2615	1.44381151	12
2616	1.444363636	20
2617	1.444915763	17
2618	1.44546789	14
2619	1.446020017	17
2620	1.446572143	14
2621	1.44712427	13
2622	1.447676397	12
2623	1.448228524	15
2624	1.448780651	11
2625	1.449332777	15
2626	1.449884904	13
2627	1.450437031	20
2628	1.450989158	21
2629	1.451541284	13
2630	1.452093411	11
2631	1.452645538	9
2632	1.453197665	13
2633	1.453749791	17
2634	1.454301918	14
2635	1.454854045	15
2636	1.455406172	17
2637	1.455958299	19
2638	1.456510425	18
2639	1.457062552	15
2640	1.457614679	16
2641	1.458166806	15
2642	1.458718932	16
2643	1.459271059	11
2644	1.459823186	12
2645	1.460375313	20
2646	1.46092744	16
2647	1.461479566	7
2648	1.462031693	13
2649	1.46258382	14
2650	1.463135947	15
2651	1.463688073	11
2652	1.4642402	16
2653	1.464792327	16
2654	1.465344454	14
2655	1.46589658	12
2656	1.466448707	12
2657	1.467000834	10
2658	1.467552961	20
2659	1.468105088	19
2660	1.468657214	7
2661	1.469209341	9
2662	1.469761468	17
2663	1.470313595	9
2664	1.470865721	15
2665	1.471417848	10
2666	1.471969975	8
2667	1.472522102	11
2668	1.473074229	12
2669	1.473626355	16
2670	1.474178482	14
2671	1.474730609	14
2672	1.475282736	10
2673	1.475834862	19
2674	1.476386989	12
2675	1.476939116	10
2676	1.477491243	17
2677	1.478043369	10
2678	1.478595496	9
2679	1.479147623	17
2680	1.47969975	15
2681	1.480251877	12
2682	1.480804003	15
2683	1.48135613	13
2684	1.481908257	11
2685	1.482460384	9
2686	1.48301251	11
2687	1.483564637	10
2688	1.484116764	13
2689	1.484668891	14
2690	1.485221018	8
2691	1.485773144	10
2692	1.486325271	12
2693	1.486877398	14
2694	1.487429525	8
2695	1.487981651	12
2696	1.488533778	10
2697	1.489085905	13
2698	1.489638032	13
2699	1.490190158	15
2700	1.490742285	12
2701	1.491294412	12
2702	1.491846539	20
2703	1.492398666	18
2704	1.492950792	13
2705	1.493502919	17
2706	1.494055046	12
2707	1.494607173	9
2708	1.495159299	12
2709	1.495711426	15
2710	1.496263553	12
2711	1.49681568	17
2712	1.497367807	7
2713	1.497919933	11
2714	1.49847206	14
2715	1.499024187	15
2716	1.499576314	15
2717	1.50012844	20
2718	1.500680567	12
2719	1.501232694	14
2720	1.501784821	6
2721	1.502336947	10
2722	1.502889074	10
2723	1.503441201	14
2724	1.503993328	4
2725	1.504545455	7
2726	1.505097581	9
2727	1.505649708	12
2728	1.506201835	5
2729	1.506753962	13
2730	1.507306088	13
2731	1.507858215	12
2732	1.508410342	18
2733	1.508962469	16
2734	1.509514595	6
2735	1.510066722	11
2736	1.510618849	16
2737	1.511170976	13
2738	1.511723103	9
2739	1.512275229	10
2740	1.512827356	13
2741	1.513379483	12
2742	1.51393161	4
2743	1.514483736	7
2744	1.515035863	9
2745	1.51558799	10
2746	1.516140117	12
2747	1.516692244	12
2748	1.51724437	6
2749	1.517796497	7
2750	1.518348624	14
2751	1.518900751	5
2752	1.519452877	9
2753	1.520005004	7
2754	1.520557131	14
2755	1.521109258	17
2756	1.521661384	13
2757	1.522213511	15
2758	1.522765638	10
2759	1.523317765	9
2760	1.523869892	9
2761	1.524422018	12
2762	1.524974145	12
2763	1.525526272	16
2764	1.526078399	13
2765	1.526630525	10
2766	1.527182652	20
2767	1.527734779	9
2768	1.528286906	6
2769	1.528839033	13
2770	1.529391159	13
2771	1.529943286	9
2772	1.530495413	8
2773	1.53104754	7
2774	1.531599666	6
2775	1.532151793	11
2776	1.53270392	6
2777	1.533256047	11
2778	1.533808173	10
2779	1.5343603	16
2780	1.534912427	12
2781	1.535464554	7
2782	1.536016681	5
2783	1.536568807	8
2784	1.537120934	7
2785	1.537673061	11
2786	1.538225188	8
2787	1.538777314	15
2788	1.539329441	11
2789	1.539881568	8
2790	1.540433695	7
2791	1.540985822	5
2792	1.541537948	12
2793	1.542090075	4
2794	1.542642202	15
2795	1.543194329	6
2796	1.543746455	11
2797	1.544298582	9
2798	1.544850709	7
2799	1.545402836	12
2800	1.545954962	9
2801	1.546507089	7
2802	1.547059216	6
2803	1.547611343	11
2804	1.54816347	9
2805	1.548715596	9
2806	1.549267723	7
2807	1.54981985	9
2808	1.550371977	7
2809	1.550924103	7
2810	1.55147623	7
2811	1.552028357	5
2812	1.552580484	6
2813	1.553132611	12
2814	1.553684737	8
2815	1.554236864	11
2816	1.554788991	5
2817	1.555341118	7
2818	1.555893244	9
2819	1.556445371	14
2820	1.556997498	13
2821	1.557549625	16
2822	1.558101751	15
2823	1.558653878	11
2824	1.559206005	10
2825	1.559758132	11
2826	1.560310259	7
2827	1.560862385	8
2828	1.561414512	5
2829	1.561966639	13
2830	1.562518766	15
2831	1.563070892	8
2832	1.563623019	10
2833	1.564175146	9
2834	1.564727273	11
2835	1.565279399	9
2836	1.565831526	7
2837	1.566383653	9
2838	1.56693578	10
2839	1.567487907	6
2840	1.568040033	9
2841	1.56859216	7
2842	1.569144287	8
2843	1.569696414	7
2844	1.57024854	10
2845	1.570800667	5
2846	1.571352794	11
2847	1.571904921	10
2848	1.572457048	9
2849	1.573009174	10
2850	1.573561301	8
2851	1.574113428	8
2852	1.574665555	8
2853	1.575217681	8
2854	1.575769808	12
2855	1.576321935	6
2856	1.576874062	8
2857	1.577426188	7
2858	1.577978315	13
2859	1.578530442	9
2860	1.579082569	7
2861	1.579634696	10
2862	1.580186822	9
2863	1.580738949	10
2864	1.581291076	2
2865	1.581843203	12
2866	1.582395329	9
2867	1.582947456	5
2868	1.583499583	6
2869	1.58405171	5
2870	1.584603837	8
2871	1.585155963	15
2872	1.58570809	6
2873	1.586260217	4
2874	1.586812344	4
2875	1.58736447	8
2876	1.587916597	9
2877	1.588468724	10
2878	1.589020851	5
2879	1.589572977	7
2880	1.590125104	10
2881	1.590677231	5
2882	1.591229358	5
2883	1.591781485	4
2884	1.592333611	7
2885	1.592885738	6
2886	1.593437865	5
2887	1.593989992	8
2888	1.594542118	5
2889	1.595094245	7
2890	1.595646372	6
2891	1.596198499	6
2892	1.596750626	9
2893	1.597302752	3
2894	1.597854879	11
2895	1.598407006	4
2896	1.598959133	8
2897	1.599511259	3
2898	1.600063386	12
2899	1.600615513	9
2900	1.60116764	10
2901	1.601719766	9
2902	1.602271893	6
2903	1.60282402	5
2904	1.603376147	9
2905	1.603928274	6
2906	1.6044804	9
2907	1.605032527	8
2908	1.605584654	7
2909	1.606136781	14
2910	1.606688907	8
2911	1.607241034	6
2912	1.607793161	7
2913	1.608345288	9
2914	1.608897415	3
2915	1.609449541	9
2916	1.610001668	7
2917	1.610553795	6
2918	1.611105922	5
2919	1.611658048	7
2920	1.612210175	5
2921	1.612762302	5
2922	1.613314429	8
2923	1.613866555	4
2924	1.614418682	9
2925	1.614970809	7
2926	1.615522936	8
2927	1.616075063	4
2928	1.616627189	4
2929	1.617179316	8
2930	1.617731443	6
2931	1.61828357	5
2932	1.618835696	5
2933	1.619387823	5
2934	1.61993995	7
2935	1.620492077	8
2936	1.621044204	6
2937	1.62159633	3
2938	1.622148457	3
2939	1.622700584	3
2940	1.623252711	13
2941	1.623804837	6
2942	1.624356964	8
2943	1.624909091	4
2944	1.625461218	4
2945	1.626013344	9
2946	1.626565471	14
2947	1.627117598	6
2948	1.627669725	7
2949	1.628221852	2
2950	1.628773978	7
2951	1.629326105	12
2952	1.629878232	11
2953	1.630430359	10
2954	1.630982485	5
2955	1.631534612	5
2956	1.632086739	1
2957	1.632638866	5
2958	1.633190992	4
2959	1.633743119	10
2960	1.634295246	12
2961	1.634847373	8
2962	1.6353995	3
2963	1.635951626	1
2964	1.636503753	8
2965	1.63705588	4
2966	1.637608007	10
2967	1.638160133	8
2968	1.63871226	6
2969	1.639264387	6
2970	1.639816514	7
2971	1.640368641	1
2972	1.640920767	7
2973	1.641472894	5
2974	1.642025021	10
2975	1.642577148	8
2976	1.643129274	10
2977	1.643681401	5
2978	1.644233528	6
2979	1.644785655	13
2980	1.645337781	9
2981	1.645889908	3
2982	1.646442035	3
2983	1.646994162	10
2984	1.647546289	5
2985	1.648098415	6
2986	1.648650542	4
2987	1.649202669	4
2988	1.649754796	0
2989	1.650306922	10
2990	1.650859049	3
2991	1.651411176	2
2992	1.651963303	5
2993	1.65251543	12
2994	1.653067556	5
2995	1.653619683	5
2996	1.65417181	6
2997	1.654723937	5
2998	1.655276063	5
2999	1.65582819	4
3000	1.656380317	6
3001	1.656932444	2
3002	1.65748457	4
3003	1.658036697	11
3004	1.658588824	8
3005	1.659140951	5
3006	1.659693078	3
3007	1.660245204	6
3008	1.660797331	10
3009	1.661349458	5
3010	1.661901585	6
3011	1.662453711	4
3012	1.663005838	8
3013	1.663557965	5
3014	1.664110092	4
3015	1.664662219	5
3016	1.665214345	5
3017	1.665766472	6
3018	1.666318599	5
3019	1.666870726	2
3020	1.667422852	9
3021	1.667974979	7
3022	1.668527106	8
3023	1.669079233	3
3024	1.669631359	3
3025	1.670183486	6
3026	1.670735613	2
3027	1.67128774	4
3028	1.671839867	4
3029	1.672391993	3
3030	1.67294412	3
3031	1.673496247	6
3032	1.674048374	2
3033	1.6746005	11
3034	1.675152627	7
3035	1.675704754	5
3036	1.676256881	7
3037	1.676809008	6
3038	1.677361134	10
3039	1.677913261	3
3040	1.678465388	4
3041	1.679017515	7
3042	1.679569641	7
3043	1.680121768	7
3044	1.680673895	3
3045	1.681226022	3
3046	1.681778148	6
3047	1.682330275	5
3048	1.682882402	6
3049	1.683434529	9
3050	1.683986656	2
3051	1.684538782	6
3052	1.685090909	5
3053	1.685643036	2
3054	1.686195163	5
3055	1.686747289	10
3056	1.687299416	5
3057	1.687851543	6
3058	1.68840367	4
3059	1.688955796	6
3060	1.689507923	5
3061	1.69006005	5
3062	1.690612177	5
3063	1.691164304	9
3064	1.69171643	7
3065	1.692268557	3
3066	1.692820684	6
3067	1.693372811	11
3068	1.693924937	8
3069	1.694477064	5
3070	1.695029191	5
3071	1.695581318	4
3072	1.696133445	4
3073	1.696685571	2
3074	1.697237698	3
3075	1.697789825	4
3076	1.698341952	5
3077	1.698894078	4
3078	1.699446205	4
3079	1.699998332	6
3080	1.700550459	1
3081	1.701102585	8
3082	1.701654712	4
3083	1.702206839	7
3084	1.702758966	3
3085	1.703311093	3
3086	1.703863219	1
3087	1.704415346	6
3088	1.704967473	5
3089	1.7055196	2
3090	1.706071726	4
3091	1.706623853	4
3092	1.70717598	7
3093	1.707728107	7
3094	1.708280234	6
3095	1.70883236	1
3096	1.709384487	4
3097	1.709936614	2
3098	1.710488741	3
3099	1.711040867	5
3100	1.711592994	4
3101	1.712145121	3
3102	1.712697248	6
3103	1.713249374	1
3104	1.713801501	1
3105	1.714353628	3
3106	1.714905755	4
3107	1.715457882	7
3108	1.716010008	2
3109	1.716562135	6
3110	1.717114262	1
3111	1.717666389	7
3112	1.718218515	7
3113	1.718770642	3
3114	1.719322769	2
3115	1.719874896	8
3116	1.720427023	5
3117	1.720979149	9
3118	1.721531276	6
3119	1.722083403	1
3120	1.72263553	6
3121	1.723187656	3
3122	1.723739783	5
3123	1.72429191	4
3124	1.724844037	1
3125	1.725396163	4
3126	1.72594829	2
3127	1.726500417	5
3128	1.727052544	2
3129	1.727604671	3
3130	1.728156797	3
3131	1.728708924	3
3132	1.729261051	3
3133	1.729813178	9
3134	1.730365304	4
3135	1.730917431	5
3136	1.731469558	4
3137	1.732021685	7
3138	1.732573812	3
3139	1.733125938	4
3140	1.733678065	4
3141	1.734230192	3
3142	1.734782319	3
3143	1.735334445	4
3144	1.735886572	5
3145	1.736438699	5
3146	1.736990826	4
3147	1.737542952	3
3148	1.738095079	5
3149	1.738647206	4
3150	1.739199333	4
3151	1.73975146	4
3152	1.740303586	3
3153	1.740855713	3
3154	1.74140784	6
3155	1.741959967	2
3156	1.742512093	0
3157	1.74306422	4
3158	1.743616347	5
3159	1.744168474	4
3160	1.744720601	4
3161	1.745272727	0
3162	1.745824854	4
3163	1.746376981	1
3164	1.746929108	4
3165	1.747481234	2
3166	1.748033361	5
3167	1.748585488	0
3168	1.749137615	2
3169	1.749689741	6
3170	1.750241868	4
3171	1.750793995	4
3172	1.751346122	6
3173	1.751898249	3
3174	1.752450375	2
3175	1.753002502	2
3176	1.753554629	2
3177	1.754106756	5
3178	1.754658882	6
3179	1.755211009	3
3180	1.755763136	3
3181	1.756315263	1
3182	1.756867389	4
3183	1.757419516	3
3184	1.757971643	6
3185	1.75852377	6
3186	1.759075897	2
3187	1.759628023	5
3188	1.76018015	5
3189	1.760732277	3
3190	1.761284404	2
3191	1.76183653	6
3192	1.762388657	3
3193	1.762940784	3
3194	1.763492911	6
3195	1.764045038	2
3196	1.764597164	1
3197	1.765149291	5
3198	1.765701418	1
3199	1.766253545	5
3200	1.766805671	1
3201	1.767357798	3
3202	1.767909925	4
3203	1.768462052	3
3204	1.769014178	5
3205	1.769566305	6
3206	1.770118432	2
3207	1.770670559	2
3208	1.771222686	1
3209	1.771774812	5
3210	1.772326939	4
3211	1.772879066	2
3212	1.773431193	4
3213	1.773983319	4
3214	1.774535446	1
3215	1.775087573	6
3216	1.7756397	4
3217	1.776191827	3
3218	1.776743953	3
3219	1.77729608	1
3220	1.777848207	5
3221	1.778400334	2
3222	1.77895246	4
3223	1.779504587	5
3224	1.780056714	2
3225	1.780608841	1
3226	1.781160967	7
3227	1.781713094	3
3228	1.782265221	3
3229	1.782817348	7
3230	1.783369475	4
3231	1.783921601	4
3232	1.784473728	2
3233	1.785025855	5
3234	1.785577982	3
3235	1.786130108	3
3236	1.786682235	0
3237	1.787234362	3
3238	1.787786489	5
3239	1.788338616	2
3240	1.788890742	2
3241	1.789442869	4
3242	1.789994996	5
3243	1.790547123	4
3244	1.791099249	0
3245	1.791651376	1
3246	1.792203503	2
3247	1.79275563	3
3248	1.793307756	1
3249	1.793859883	3
3250	1.79441201	4
3251	1.794964137	2
3252	1.795516264	1
3253	1.79606839	6
3254	1.796620517	6
3255	1.797172644	2
3256	1.797724771	2
3257	1.798276897	2
3258	1.798829024	2
3259	1.799381151	3
3260	1.799933278	1
3261	1.800485405	2
3262	1.801037531	2
3263	1.801589658	1
3264	1.802141785	2
3265	1.802693912	4
3266	1.803246038	0
3267	1.803798165	3
3268	1.804350292	2
3269	1.804902419	3
3270	1.805454545	5
3271	1.806006672	2
3272	1.806558799	1
3273	1.807110926	5
3274	1.807663053	4
3275	1.808215179	4
3276	1.808767306	2
3277	1.809319433	2
3278	1.80987156	1
3279	1.810423686	4
3280	1.810975813	2
3281	1.81152794	6
3282	1.812080067	3
3283	1.812632193	0
3284	1.81318432	1
3285	1.813736447	3
3286	1.814288574	2
3287	1.814840701	4
3288	1.815392827	0
3289	1.815944954	3
3290	1.816497081	5
3291	1.817049208	3
3292	1.817601334	2
3293	1.818153461	2
3294	1.818705588	3
3295	1.819257715	1
3296	1.819809842	3
3297	1.820361968	5
3298	1.820914095	3
3299	1.821466222	6
3300	1.822018349	3
3301	1.822570475	4
3302	1.823122602	1
3303	1.823674729	4
3304	1.824226856	5
3305	1.824778982	3
3306	1.825331109	3
3307	1.825883236	2
3308	1.826435363	5
3309	1.82698749	3
3310	1.827539616	3
3311	1.828091743	3
3312	1.82864387	2
3313	1.829195997	2
3314	1.829748123	1
3315	1.83030025	0
3316	1.830852377	3
3317	1.831404504	0
3318	1.831956631	6
3319	1.832508757	2
3320	1.833060884	4
3321	1.833613011	2
3322	1.834165138	4
3323	1.834717264	3
3324	1.835269391	3
3325	1.835821518	5
3326	1.836373645	2
3327	1.836925771	4
3328	1.837477898	1
3329	1.838030025	4
3330	1.838582152	2
3331	1.839134279	1
3332	1.839686405	1
3333	1.840238532	3
3334	1.840790659	7
3335	1.841342786	4
3336	1.841894912	3
3337	1.842447039	3
3338	1.842999166	2
3339	1.843551293	2
3340	1.84410342	2
3341	1.844655546	2
3342	1.845207673	5
3343	1.8457598	1
3344	1.846311927	2
3345	1.846864053	0
3346	1.84741618	3
3347	1.847968307	3
3348	1.848520434	0
3349	1.84907256	3
3350	1.849624687	0
3351	1.850176814	3
3352	1.850728941	6
3353	1.851281068	3
3354	1.851833194	0
3355	1.852385321	3
3356	1.852937448	3
3357	1.853489575	4
3358	1.854041701	1
3359	1.854593828	3
3360	1.855145955	1
3361	1.855698082	1
3362	1.856250209	2
3363	1.856802335	1
3364	1.857354462	6
3365	1.857906589	0
3366	1.858458716	1
3367	1.859010842	3
3368	1.859562969	1
3369	1.860115096	3
3370	1.860667223	2
3371	1.861219349	2
3372	1.861771476	2
3373	1.862323603	3
3374	1.86287573	3
3375	1.863427857	4
3376	1.863979983	7
3377	1.86453211	3
3378	1.865084237	2
3379	1.865636364	1
3380	1.86618849	2
3381	1.866740617	3
3382	1.867292744	1
3383	1.867844871	1
3384	1.868396997	4
3385	1.868949124	3
3386	1.869501251	3
3387	1.870053378	0
3388	1.870605505	3
3389	1.871157631	2
3390	1.871709758	2
3391	1.872261885	3
3392	1.872814012	0
3393	1.873366138	1
3394	1.873918265	1
3395	1.874470392	3
3396	1.875022519	1
3397	1.875574646	1
3398	1.876126772	1
3399	1.876678899	3
3400	1.877231026	2
3401	1.877783153	2
3402	1.878335279	2
3403	1.878887406	1
3404	1.879439533	0
3405	1.87999166	1
3406	1.880543786	2
3407	1.881095913	1
3408	1.88164804	2
3409	1.882200167	1
3410	1.882752294	4
3411	1.88330442	1
3412	1.883856547	3
3413	1.884408674	1
3414	1.884960801	3
3415	1.885512927	3
3416	1.886065054	2
3417	1.886617181	1
3418	1.887169308	2
3419	1.887721435	3
3420	1.888273561	5
3421	1.888825688	0
3422	1.889377815	1
3423	1.889929942	1
3424	1.890482068	3
3425	1.891034195	1
3426	1.891586322	0
3427	1.892138449	1
3428	1.892690575	1
3429	1.893242702	2
3430	1.893794829	2
3431	1.894346956	6
3432	1.894899083	0
3433	1.895451209	5
3434	1.896003336	0
3435	1.896555463	2
3436	1.89710759	2
3437	1.897659716	4
3438	1.898211843	0
3439	1.89876397	2
3440	1.899316097	3
3441	1.899868224	1
3442	1.90042035	0
3443	1.900972477	0
3444	1.901524604	1
3445	1.902076731	2
3446	1.902628857	2
3447	1.903180984	2
3448	1.903733111	0
3449	1.904285238	3
3450	1.904837364	2
3451	1.905389491	2
3452	1.905941618	2
3453	1.906493745	1
3454	1.907045872	3
3455	1.907597998	3
3456	1.908150125	1
3457	1.908702252	0
3458	1.909254379	1
3459	1.909806505	3
3460	1.910358632	3
3461	1.910910759	0
3462	1.911462886	1
3463	1.912015013	3
3464	1.912567139	1
3465	1.913119266	2
3466	1.913671393	4
3467	1.91422352	0
3468	1.914775646	1
3469	1.915327773	2
3470	1.9158799	3
3471	1.916432027	1
3472	1.916984153	0
3473	1.91753628	2
3474	1.918088407	2
3475	1.918640534	2
3476	1.919192661	1
3477	1.919744787	0
3478	1.920296914	1
3479	1.920849041	2
3480	1.921401168	2
3481	1.921953294	0
3482	1.922505421	1
3483	1.923057548	1
3484	1.923609675	1
3485	1.924161802	2
3486	1.924713928	0
3487	1.925266055	2
3488	1.925818182	3
3489	1.926370309	2
3490	1.926922435	2
3491	1.927474562	2
3492	1.928026689	1
3493	1.928578816	4
3494	1.929130942	0
3495	1.929683069	3
3496	1.930235196	2
3497	1.930787323	1
3498	1.93133945	4
3499	1.931891576	0
3500	1.932443703	2
3501	1.93299583	2
3502	1.933547957	1
3503	1.934100083	2
3504	1.93465221	0
3505	1.935204337	2
3506	1.935756464	1
3507	1.93630859	2
3508	1.936860717	1
3509	1.937412844	0
3510	1.937964971	3
3511	1.938517098	3
3512	1.939069224	5
3513	1.939621351	5
3514	1.940173478	1
3515	1.940725605	2
3516	1.941277731	4
3517	1.941829858	1
3518	1.942381985	0
3519	1.942934112	3
3520	1.943486239	1
3521	1.944038365	3
3522	1.944590492	2
3523	1.945142619	2
3524	1.945694746	0
3525	1.946246872	1
3526	1.946798999	1
3527	1.947351126	2
3528	1.947903253	2
3529	1.948455379	2
3530	1.949007506	3
3531	1.949559633	1
3532	1.95011176	3
3533	1.950663887	0
3534	1.951216013	1
3535	1.95176814	0
3536	1.952320267	2
3537	1.952872394	3
3538	1.95342452	1
3539	1.953976647	1
3540	1.954528774	1
3541	1.955080901	1
3542	1.955633028	0
3543	1.956185154	5
3544	1.956737281	2
3545	1.957289408	2
3546	1.957841535	1
3547	1.958393661	2
3548	1.958945788	2
3549	1.959497915	0
3550	1.960050042	3
3551	1.960602168	1
3552	1.961154295	0
3553	1.961706422	1
3554	1.962258549	0
3555	1.962810676	6
3556	1.963362802	2
3557	1.963914929	2
3558	1.964467056	2
3559	1.965019183	0
3560	1.965571309	1
3561	1.966123436	0
3562	1.966675563	1
3563	1.96722769	2
3564	1.967779817	3
3565	1.968331943	0
3566	1.96888407	1
3567	1.969436197	4
3568	1.969988324	0
3569	1.97054045	1
3570	1.971092577	2
3571	1.971644704	2
3572	1.972196831	0
3573	1.972748957	1
3574	1.973301084	2
3575	1.973853211	0
3576	1.974405338	2
3577	1.974957465	0
3578	1.975509591	1
3579	1.976061718	2
3580	1.976613845	2
3581	1.977165972	1
3582	1.977718098	2
3583	1.978270225	0
3584	1.978822352	0
3585	1.979374479	1
3586	1.979926606	3
3587	1.980478732	2
3588	1.981030859	2
3589	1.981582986	4
3590	1.982135113	0
3591	1.982687239	3
3592	1.983239366	1
3593	1.983791493	1
3594	1.98434362	1
3595	1.984895746	2
3596	1.985447873	3
3597	1.986		2
3598	1.986552127	1
3599	1.987104254	3
3600	1.98765638	0
3601	1.988208507	1
3602	1.988760634	2
3603	1.989312761	3
3604	1.989864887	3
3605	1.990417014	1
3606	1.990969141	0
3607	1.991521268	2
3608	1.992073394	0
3609	1.992625521	1
3610	1.993177648	1
3611	1.993729775	3
3612	1.994281902	1
3613	1.994834028	2
3614	1.995386155	1
3615	1.995938282	1
3616	1.996490409	2
3617	1.997042535	2
3618	1.997594662	0
3619	1.998146789	0
3620	1.998698916	1
3621	1.999251043	1
3622	1.999803169	0
3623	2.000355296	1
3624	2.000907423	1
3625	2.00145955	2
3626	2.002011676	2
3627	2.002563803	1
3628	2.00311593	3
3629	2.003668057	0
3630	2.004220183	1
3631	2.00477231	0
3632	2.005324437	0
3633	2.005876564	0
3634	2.006428691	1
3635	2.006980817	3
3636	2.007532944	1
3637	2.008085071	0
3638	2.008637198	1
3639	2.009189324	2
3640	2.009741451	3
3641	2.010293578	2
3642	2.010845705	0
3643	2.011397832	0
3644	2.011949958	0
3645	2.012502085	1
3646	2.013054212	1
3647	2.013606339	1
3648	2.014158465	1
3649	2.014710592	1
3650	2.015262719	1
3651	2.015814846	1
3652	2.016366972	0
3653	2.016919099	0
3654	2.017471226	2
3655	2.018023353	1
3656	2.01857548	3
3657	2.019127606	0
3658	2.019679733	1
3659	2.02023186	2
3660	2.020783987	1
3661	2.021336113	1
3662	2.02188824	0
3663	2.022440367	1
3664	2.022992494	1
3665	2.023544621	2
3666	2.024096747	1
3667	2.024648874	0
3668	2.025201001	1
3669	2.025753128	1
3670	2.026305254	0
3671	2.026857381	4
3672	2.027409508	2
3673	2.027961635	1
3674	2.028513761	2
3675	2.029065888	2
3676	2.029618015	1
3677	2.030170142	1
3678	2.030722269	0
3679	2.031274395	1
3680	2.031826522	1
3681	2.032378649	3
3682	2.032930776	0
3683	2.033482902	1
3684	2.034035029	1
3685	2.034587156	1
3686	2.035139283	1
3687	2.03569141	3
3688	2.036243536	1
3689	2.036795663	1
3690	2.03734779	0
3691	2.037899917	2
3692	2.038452043	1
3693	2.03900417	1
3694	2.039556297	2
3695	2.040108424	1
3696	2.04066055	2
3697	2.041212677	1
3698	2.041764804	2
3699	2.042316931	1
3700	2.042869058	1
3701	2.043421184	1
3702	2.043973311	1
3703	2.044525438	3
3704	2.045077565	1
3705	2.045629691	0
3706	2.046181818	1
3707	2.046733945	2
3708	2.047286072	0
3709	2.047838198	0
3710	2.048390325	1
3711	2.048942452	1
3712	2.049494579	1
3713	2.050046706	1
3714	2.050598832	0
3715	2.051150959	3
3716	2.051703086	0
3717	2.052255213	0
3718	2.052807339	1
3719	2.053359466	1
3720	2.053911593	2
3721	2.05446372	0
3722	2.055015847	0
3723	2.055567973	0
3724	2.0561201	0
3725	2.056672227	1
3726	2.057224354	1
3727	2.05777648	1
3728	2.058328607	0
3729	2.058880734	1
3730	2.059432861	1
3731	2.059984987	1
3732	2.060537114	0
3733	2.061089241	2
3734	2.061641368	0
3735	2.062193495	0
3736	2.062745621	1
3737	2.063297748	1
3738	2.063849875	0
3739	2.064402002	0
3740	2.064954128	0
3741	2.065506255	1
3742	2.066058382	0
3743	2.066610509	0
3744	2.067162636	0
3745	2.067714762	0
3746	2.068266889	0
3747	2.068819016	0
3748	2.069371143	2
3749	2.069923269	0
3750	2.070475396	0
3751	2.071027523	0
3752	2.07157965	0
3753	2.072131776	1
3754	2.072683903	0
3755	2.07323603	1
3756	2.073788157	0
3757	2.074340284	0
3758	2.07489241	3
3759	2.075444537	1
3760	2.075996664	0
3761	2.076548791	2
3762	2.077100917	0
3763	2.077653044	0
3764	2.078205171	0
3765	2.078757298	0
3766	2.079309425	0
3767	2.079861551	0
3768	2.080413678	0
3769	2.080965805	2
3770	2.081517932	0
3771	2.082070058	1
3772	2.082622185	0
3773	2.083174312	0
3774	2.083726439	0
3775	2.084278565	0
3776	2.084830692	0
3777	2.085382819	1
3778	2.085934946	0
3779	2.086487073	2
3780	2.087039199	0
3781	2.087591326	0
3782	2.088143453	1
3783	2.08869558	0
3784	2.089247706	0
3785	2.089799833	0
3786	2.09035196	1
3787	2.090904087	2
3788	2.091456214	0
3789	2.09200834	0
3790	2.092560467	0
3791	2.093112594	1
3792	2.093664721	1
3793	2.094216847	2
3794	2.094768974	0
3795	2.095321101	0
3796	2.095873228	1
3797	2.096425354	1
3798	2.096977481	0
3799	2.097529608	1
3800	2.098081735	1
3801	2.098633862	0
3802	2.099185988	0
3803	2.099738115	0
3804	2.100290242	0
3805	2.100842369	0
3806	2.101394495	1
3807	2.101946622	1
3808	2.102498749	0
3809	2.103050876	1
3810	2.103603003	1
3811	2.104155129	1
3812	2.104707256	0
3813	2.105259383	2
3814	2.10581151	1
3815	2.106363636	1
3816	2.106915763	1
3817	2.10746789	1
3818	2.108020017	1
3819	2.108572143	1
3820	2.10912427	0
3821	2.109676397	0
3822	2.110228524	1
3823	2.110780651	1
3824	2.111332777	1
3825	2.111884904	0
3826	2.112437031	0
3827	2.112989158	0
3828	2.113541284	0
3829	2.114093411	0
3830	2.114645538	1
3831	2.115197665	0
3832	2.115749791	0
3833	2.116301918	0
3834	2.116854045	0
3835	2.117406172	0
3836	2.117958299	0
3837	2.118510425	0
3838	2.119062552	0
3839	2.119614679	0
3840	2.120166806	1
3841	2.120718932	2
3842	2.121271059	0
3843	2.121823186	1
3844	2.122375313	0
3845	2.12292744	0
3846	2.123479566	0
3847	2.124031693	0
3848	2.12458382	0
3849	2.125135947	1
3850	2.125688073	0
3851	2.1262402	0
3852	2.126792327	0
3853	2.127344454	0
3854	2.12789658	0
3855	2.128448707	2
3856	2.129000834	1
3857	2.129552961	2
3858	2.130105088	1
3859	2.130657214	0
3860	2.131209341	0
3861	2.131761468	1
3862	2.132313595	0
3863	2.132865721	0
3864	2.133417848	0
3865	2.133969975	0
3866	2.134522102	0
3867	2.135074229	0
3868	2.135626355	0
3869	2.136178482	0
3870	2.136730609	0
3871	2.137282736	1
3872	2.137834862	0
3873	2.138386989	0
3874	2.138939116	0
3875	2.139491243	0
3876	2.140043369	0
3877	2.140595496	0
3878	2.141147623	0
3879	2.14169975	1
3880	2.142251877	0
3881	2.142804003	2
3882	2.14335613	1
3883	2.143908257	0
3884	2.144460384	0
3885	2.14501251	0
3886	2.145564637	0
3887	2.146116764	0
3888	2.146668891	1
3889	2.147221018	0
3890	2.147773144	0
3891	2.148325271	0
3892	2.148877398	1
3893	2.149429525	0
3894	2.149981651	0
3895	2.150533778	0
3896	2.151085905	0
3897	2.151638032	1
3898	2.152190158	0
3899	2.152742285	1
3900	2.153294412	1
3901	2.153846539	0
3902	2.154398666	2
3903	2.154950792	0
3904	2.155502919	0
3905	2.156055046	1
3906	2.156607173	1
3907	2.157159299	1
3908	2.157711426	2
3909	2.158263553	0
3910	2.15881568	0
3911	2.159367807	1
3912	2.159919933	0
3913	2.16047206	0
3914	2.161024187	1
3915	2.161576314	0
3916	2.16212844	1
3917	2.162680567	0
3918	2.163232694	1
3919	2.163784821	0
3920	2.164336947	0
3921	2.164889074	0
3922	2.165441201	0
3923	2.165993328	0
3924	2.166545455	0
3925	2.167097581	0
3926	2.167649708	0
3927	2.168201835	1
3928	2.168753962	0
3929	2.169306088	0
3930	2.169858215	0
3931	2.170410342	0
3932	2.170962469	0
3933	2.171514595	1
3934	2.172066722	0
3935	2.172618849	0
3936	2.173170976	1
3937	2.173723103	0
3938	2.174275229	0
3939	2.174827356	0
3940	2.175379483	0
3941	2.17593161	0
3942	2.176483736	0
3943	2.177035863	0
3944	2.17758799	2
3945	2.178140117	0
3946	2.178692244	1
3947	2.17924437	0
3948	2.179796497	0
3949	2.180348624	0
3950	2.180900751	0
3951	2.181452877	0
3952	2.182005004	2
3953	2.182557131	0
3954	2.183109258	0
3955	2.183661384	0
3956	2.184213511	1
3957	2.184765638	0
3958	2.185317765	0
3959	2.185869892	0
3960	2.186422018	1
3961	2.186974145	0
3962	2.187526272	0
3963	2.188078399	0
3964	2.188630525	0
3965	2.189182652	1
3966	2.189734779	0
3967	2.190286906	0
3968	2.190839033	0
3969	2.191391159	0
3970	2.191943286	0
3971	2.192495413	0
3972	2.19304754	0
3973	2.193599666	0
3974	2.194151793	0
3975	2.19470392	2
3976	2.195256047	1
3977	2.195808173	0
3978	2.1963603	0
3979	2.196912427	1
3980	2.197464554	0
3981	2.198016681	1
3982	2.198568807	1
3983	2.199120934	0
3984	2.199673061	0
3985	2.200225188	0
3986	2.200777314	0
3987	2.201329441	0
3988	2.201881568	0
3989	2.202433695	1
3990	2.202985822	0
3991	2.203537948	0
3992	2.204090075	0
3993	2.204642202	0
3994	2.205194329	0
3995	2.205746455	0
3996	2.206298582	0
3997	2.206850709	0
3998	2.207402836	1
3999	2.207954962	1
4000	2.208507089	0
4001	2.209059216	0
4002	2.209611343	1
4003	2.21016347	0
4004	2.210715596	1
4005	2.211267723	0
4006	2.21181985	0
4007	2.212371977	3
4008	2.212924103	0
4009	2.21347623	0
4010	2.214028357	0
4011	2.214580484	0
4012	2.215132611	0
4013	2.215684737	0
4014	2.216236864	0
4015	2.216788991	0
4016	2.217341118	0
4017	2.217893244	0
4018	2.218445371	0
4019	2.218997498	0
4020	2.219549625	0
4021	2.220101751	0
4022	2.220653878	0
4023	2.221206005	1
4024	2.221758132	1
4025	2.222310259	0
4026	2.222862385	1
4027	2.223414512	0
4028	2.223966639	0
4029	2.224518766	0
4030	2.225070892	1
4031	2.225623019	1
4032	2.226175146	0
4033	2.226727273	0
4034	2.227279399	0
4035	2.227831526	0
4036	2.228383653	0
4037	2.22893578	0
4038	2.229487907	0
4039	2.230040033	0
4040	2.23059216	0
4041	2.231144287	1
4042	2.231696414	0
4043	2.23224854	0
4044	2.232800667	1
4045	2.233352794	0
4046	2.233904921	0
4047	2.234457048	0
4048	2.235009174	0
4049	2.235561301	0
4050	2.236113428	0
4051	2.236665555	1
4052	2.237217681	0
4053	2.237769808	0
4054	2.238321935	0
4055	2.238874062	0
4056	2.239426188	0
4057	2.239978315	1
4058	2.240530442	0
4059	2.241082569	0
4060	2.241634696	0
4061	2.242186822	1
4062	2.242738949	1
4063	2.243291076	0
4064	2.243843203	0
4065	2.244395329	0
4066	2.244947456	0
4067	2.245499583	1
4068	2.24605171	0
4069	2.246603837	0
4070	2.247155963	1
4071	2.24770809	0
4072	2.248260217	0
4073	2.248812344	0
4074	2.24936447	0
4075	2.249916597	0
4076	2.250468724	0
4077	2.251020851	0
4078	2.251572977	0
4079	2.252125104	0
4080	2.252677231	0
4081	2.253229358	0
4082	2.253781485	0
4083	2.254333611	1
4084	2.254885738	0
4085	2.255437865	0
4086	2.255989992	0
4087	2.256542118	2
4088	2.257094245	0
4089	2.257646372	1
4090	2.258198499	0
4091	2.258750626	0
4092	2.259302752	1
4093	2.259854879	0
4094	2.260407006	2
4095	2.260959133	2
