0	0	0
1	5.52E-04	0
2	0.001104253545	0
3	0.001656380317	0
4	0.002208507089	0
5	0.002760633862	0
6	0.003312760634	0
7	0.003864887406	0
8	0.004417014178	0
9	0.004969140951	0
10	0.005521267723	2
11	0.006073394495	1
12	0.006625521268	9
13	0.00717764804	21
14	0.007729774812	41
15	0.008281901585	71
16	0.008834028357	155
17	0.009386155129	215
18	0.009938281902	292
19	0.01049040867	407
20	0.01104253545	562
21	0.01159466222	841
22	0.01214678899	1353
23	0.01269891576	2207
24	0.01325104254	4268
25	0.01380316931	8792
26	0.01435529608	16920
27	0.01490742285	28391
28	0.01545954962	41140
29	0.0160116764	49382
30	0.01656380317	57978
31	0.01711592994	57870
32	0.01766805671	56865
33	0.01822018349	30907
34	0.01877231026	19310
35	0.01932443703	14172
36	0.0198765638	10987
37	0.02042869058	9539
38	0.02098081735	8537
39	0.02153294412	7892
40	0.02208507089	7212
41	0.02263719766	6558
42	0.02318932444	5973
43	0.02374145121	5258
44	0.02429357798	4724
45	0.02484570475	4135
46	0.02539783153	3724
47	0.0259499583	3468
48	0.02650208507	3143
49	0.02705421184	2882
50	0.02760633862	2725
51	0.02815846539	2505
52	0.02871059216	2423
53	0.02926271893	2376
54	0.0298148457	2229
55	0.03036697248	2096
56	0.03091909925	2131
57	0.03147122602	1835
58	0.03202335279	1858
59	0.03257547957	1710
60	0.03312760634	1667
61	0.03367973311	1627
62	0.03423185988	1537
63	0.03478398666	1460
64	0.03533611343	1544
65	0.0358882402	1454
66	0.03644036697	1517
67	0.03699249374	1490
68	0.03754462052	1499
69	0.03809674729	1406
70	0.03864887406	1453
71	0.03920100083	1450
72	0.03975312761	1376
73	0.04030525438	1460
74	0.04085738115	1403
75	0.04140950792	1363
76	0.0419616347	1361
77	0.04251376147	1331
78	0.04306588824	1347
79	0.04361801501	1326
80	0.04417014178	1334
81	0.04472226856	1358
82	0.04527439533	1351
83	0.0458265221	1339
84	0.04637864887	1425
85	0.04693077565	1288
86	0.04748290242	1247
87	0.04803502919	1345
88	0.04858715596	1347
89	0.04913928274	1372
90	0.04969140951	1358
91	0.05024353628	1317
92	0.05079566305	1372
93	0.05134778982	1401
94	0.0518999166	1403
95	0.05245204337	1276
96	0.05300417014	1327
97	0.05355629691	1351
98	0.05410842369	1327
99	0.05466055046	1339
100	0.05521267723	1355
101	0.055764804	1295
102	0.05631693078	1339
103	0.05686905755	1401
104	0.05742118432	1348
105	0.05797331109	1330
106	0.05852543786	1348
107	0.05907756464	1361
108	0.05962969141	1370
109	0.06018181818	1378
110	0.06073394495	1367
111	0.06128607173	1317
112	0.0618381985	1365
113	0.06239032527	1320
114	0.06294245204	1380
115	0.06349457882	1365
116	0.06404670559	1354
117	0.06459883236	1350
118	0.06515095913	1367
119	0.0657030859	1439
120	0.06625521268	1389
121	0.06680733945	1401
122	0.06735946622	1442
123	0.06791159299	1465
124	0.06846371977	1330
125	0.06901584654	1456
126	0.06956797331	1466
127	0.07012010008	1397
128	0.07067222686	1467
129	0.07122435363	1449
130	0.0717764804	1441
131	0.07232860717	1436
132	0.07288073394	1454
133	0.07343286072	1502
134	0.07398498749	1493
135	0.07453711426	1460
136	0.07508924103	1414
137	0.07564136781	1407
138	0.07619349458	1419
139	0.07674562135	1477
140	0.07729774812	1477
141	0.0778498749	1486
142	0.07840200167	1498
143	0.07895412844	1416
144	0.07950625521	1506
145	0.08005838198	1425
146	0.08061050876	1430
147	0.08116263553	1462
148	0.0817147623	1426
149	0.08226688907	1436
150	0.08281901585	1416
151	0.08337114262	1394
152	0.08392326939	1479
153	0.08447539616	1463
154	0.08502752294	1449
155	0.08557964971	1431
156	0.08613177648	1418
157	0.08668390325	1433
158	0.08723603003	1389
159	0.0877881568	1439
160	0.08834028357	1458
161	0.08889241034	1442
162	0.08944453711	1442
163	0.08999666389	1413
164	0.09054879066	1425
165	0.09110091743	1406
166	0.0916530442	1396
167	0.09220517098	1436
168	0.09275729775	1391
169	0.09330942452	1412
170	0.09386155129	1443
171	0.09441367807	1415
172	0.09496580484	1449
173	0.09551793161	1424
174	0.09607005838	1408
175	0.09662218515	1435
176	0.09717431193	1425
177	0.0977264387	1397
178	0.09827856547	1447
179	0.09883069224	1300
180	0.09938281902	1415
181	0.09993494579	1432
182	0.1004870726	1446
183	0.1010391993	1383
184	0.1015913261	1422
185	0.1021434529	1438
186	0.1026955796	1366
187	0.1032477064	1403
188	0.1037998332	1407
189	0.10435196	1513
190	0.1049040867	1402
191	0.1054562135	1424
192	0.1060083403	1397
193	0.1065604671	1453
194	0.1071125938	1368
195	0.1076647206	1395
196	0.1082168474	1325
197	0.1087689741	1445
198	0.1093211009	1405
199	0.1098732277	1348
200	0.1104253545	1353
201	0.1109774812	1429
202	0.111529608	1379
203	0.1120817348	1421
204	0.1126338616	1500
205	0.1131859883	1337
206	0.1137381151	1484
207	0.1142902419	1451
208	0.1148423686	1412
209	0.1153944954	1427
210	0.1159466222	1448
211	0.116498749	1465
212	0.1170508757	1452
213	0.1176030025	1430
214	0.1181551293	1418
215	0.118707256	1397
216	0.1192593828	1436
217	0.1198115096	1468
218	0.1203636364	1434
219	0.1209157631	1414
220	0.1214678899	1401
221	0.1220200167	1399
222	0.1225721435	1359
223	0.1231242702	1417
224	0.123676397	1434
225	0.1242285238	1465
226	0.1247806505	1458
227	0.1253327773	1420
228	0.1258849041	1502
229	0.1264370309	1430
230	0.1269891576	1440
231	0.1275412844	1467
232	0.1280934112	1379
233	0.1286455379	1446
234	0.1291976647	1478
235	0.1297497915	1388
236	0.1303019183	1421
237	0.130854045	1436
238	0.1314061718	1410
239	0.1319582986	1389
240	0.1325104254	1441
241	0.1330625521	1398
242	0.1336146789	1396
243	0.1341668057	1550
244	0.1347189324	1408
245	0.1352710592	1443
246	0.135823186	1380
247	0.1363753128	1443
248	0.1369274395	1429
249	0.1374795663	1418
250	0.1380316931	1445
251	0.1385838198	1425
252	0.1391359466	1406
253	0.1396880734	1403
254	0.1402402002	1430
255	0.1407923269	1339
256	0.1413444537	1385
257	0.1418965805	1381
258	0.1424487073	1371
259	0.143000834	1446
260	0.1435529608	1392
261	0.1441050876	1389
262	0.1446572143	1361
263	0.1452093411	1362
264	0.1457614679	1362
265	0.1463135947	1398
266	0.1468657214	1411
267	0.1474178482	1427
268	0.147969975	1390
269	0.1485221018	1376
270	0.1490742285	1413
271	0.1496263553	1388
272	0.1501784821	1393
273	0.1507306088	1466
274	0.1512827356	1395
275	0.1518348624	1385
276	0.1523869892	1422
277	0.1529391159	1469
278	0.1534912427	1372
279	0.1540433695	1367
280	0.1545954962	1437
281	0.155147623	1335
282	0.1556997498	1352
283	0.1562518766	1398
284	0.1568040033	1349
285	0.1573561301	1436
286	0.1579082569	1371
287	0.1584603837	1357
288	0.1590125104	1451
289	0.1595646372	1419
290	0.160116764	1331
291	0.1606688907	1428
292	0.1612210175	1397
293	0.1617731443	1429
294	0.1623252711	1402
295	0.1628773978	1429
296	0.1634295246	1391
297	0.1639816514	1396
298	0.1645337781	1439
299	0.1650859049	1401
300	0.1656380317	1408
301	0.1661901585	1425
302	0.1667422852	1387
303	0.167294412	1454
304	0.1678465388	1435
305	0.1683986656	1412
306	0.1689507923	1361
307	0.1695029191	1452
308	0.1700550459	1436
309	0.1706071726	1395
310	0.1711592994	1447
311	0.1717114262	1404
312	0.172263553	1493
313	0.1728156797	1419
314	0.1733678065	1398
315	0.1739199333	1454
316	0.1744720601	1441
317	0.1750241868	1385
318	0.1755763136	1343
319	0.1761284404	1365
320	0.1766805671	1440
321	0.1772326939	1482
322	0.1777848207	1439
323	0.1783369475	1560
324	0.1788890742	1441
325	0.179441201	1449
326	0.1799933278	1486
327	0.1805454545	1555
328	0.1810975813	1533
329	0.1816497081	1557
330	0.1822018349	1510
331	0.1827539616	1588
332	0.1833060884	1499
333	0.1838582152	1602
334	0.184410342	1584
335	0.1849624687	1568
336	0.1855145955	1567
337	0.1860667223	1578
338	0.186618849	1584
339	0.1871709758	1600
340	0.1877231026	1605
341	0.1882752294	1635
342	0.1888273561	1691
343	0.1893794829	1615
344	0.1899316097	1525
345	0.1904837364	1690
346	0.1910358632	1630
347	0.19158799	1673
348	0.1921401168	1653
349	0.1926922435	1593
350	0.1932443703	1699
351	0.1937964971	1686
352	0.1943486239	1735
353	0.1949007506	1723
354	0.1954528774	1643
355	0.1960050042	1686
356	0.1965571309	1659
357	0.1971092577	1746
358	0.1976613845	1704
359	0.1982135113	1593
360	0.198765638	1648
361	0.1993177648	1747
362	0.1998698916	1764
363	0.2004220183	1695
364	0.2009741451	1699
365	0.2015262719	1732
366	0.2020783987	1750
367	0.2026305254	1735
368	0.2031826522	1701
369	0.203734779	1630
370	0.2042869058	1715
371	0.2048390325	1746
372	0.2053911593	1664
373	0.2059432861	1707
374	0.2064954128	1670
375	0.2070475396	1595
376	0.2075996664	1667
377	0.2081517932	1699
378	0.2087039199	1703
379	0.2092560467	1701
380	0.2098081735	1755
381	0.2103603003	1668
382	0.210912427	1643
383	0.2114645538	1667
384	0.2120166806	1692
385	0.2125688073	1673
386	0.2131209341	1713
387	0.2136730609	1609
388	0.2142251877	1642
389	0.2147773144	1723
390	0.2153294412	1666
391	0.215881568	1681
392	0.2164336947	1662
393	0.2169858215	1624
394	0.2175379483	1587
395	0.2180900751	1607
396	0.2186422018	1634
397	0.2191943286	1617
398	0.2197464554	1601
399	0.2202985822	1618
400	0.2208507089	1550
401	0.2214028357	1581
402	0.2219549625	1706
403	0.2225070892	1639
404	0.223059216	1578
405	0.2236113428	1581
406	0.2241634696	1547
407	0.2247155963	1571
408	0.2252677231	1524
409	0.2258198499	1580
410	0.2263719766	1547
411	0.2269241034	1524
412	0.2274762302	1565
413	0.228028357	1475
414	0.2285804837	1539
415	0.2291326105	1485
416	0.2296847373	1493
417	0.2302368641	1491
418	0.2307889908	1532
419	0.2313411176	1488
420	0.2318932444	1471
421	0.2324453711	1507
422	0.2329974979	1443
423	0.2335496247	1527
424	0.2341017515	1499
425	0.2346538782	1386
426	0.235206005	1509
427	0.2357581318	1503
428	0.2363102585	1469
429	0.2368623853	1424
430	0.2374145121	1437
431	0.2379666389	1495
432	0.2385187656	1382
433	0.2390708924	1424
434	0.2396230192	1383
435	0.240175146	1484
436	0.2407272727	1410
437	0.2412793995	1443
438	0.2418315263	1429
439	0.242383653	1361
440	0.2429357798	1397
441	0.2434879066	1448
442	0.2440400334	1390
443	0.2445921601	1414
444	0.2451442869	1361
445	0.2456964137	1352
446	0.2462485405	1417
447	0.2468006672	1341
448	0.247352794	1370
449	0.2479049208	1379
450	0.2484570475	1355
451	0.2490091743	1386
452	0.2495613011	1304
453	0.2501134279	1398
454	0.2506655546	1385
455	0.2512176814	1383
456	0.2517698082	1368
457	0.2523219349	1301
458	0.2528740617	1371
459	0.2534261885	1290
460	0.2539783153	1317
461	0.254530442	1371
462	0.2550825688	1329
463	0.2556346956	1314
464	0.2561868224	1345
465	0.2567389491	1328
466	0.2572910759	1350
467	0.2578432027	1293
468	0.2583953294	1270
469	0.2589474562	1289
470	0.259499583	1312
471	0.2600517098	1391
472	0.2606038365	1297
473	0.2611559633	1278
474	0.2617080901	1283
475	0.2622602168	1313
476	0.2628123436	1266
477	0.2633644704	1282
478	0.2639165972	1229
479	0.2644687239	1259
480	0.2650208507	1290
481	0.2655729775	1240
482	0.2661251043	1222
483	0.266677231	1205
484	0.2672293578	1305
485	0.2677814846	1259
486	0.2683336113	1266
487	0.2688857381	1212
488	0.2694378649	1199
489	0.2699899917	1227
490	0.2705421184	1212
491	0.2710942452	1287
492	0.271646372	1268
493	0.2721984987	1147
494	0.2727506255	1205
495	0.2733027523	1219
496	0.2738548791	1287
497	0.2744070058	1324
498	0.2749591326	1203
499	0.2755112594	1250
500	0.2760633862	1249
501	0.2766155129	1233
502	0.2771676397	1256
503	0.2777197665	1221
504	0.2782718932	1207
505	0.27882402	1278
506	0.2793761468	1190
507	0.2799282736	1202
508	0.2804804003	1163
509	0.2810325271	1212
510	0.2815846539	1228
511	0.2821367807	1131
512	0.2826889074	1157
513	0.2832410342	1186
514	0.283793161	1216
515	0.2843452877	1164
516	0.2848974145	1182
517	0.2854495413	1202
518	0.2860016681	1298
519	0.2865537948	1162
520	0.2871059216	1186
521	0.2876580484	1227
522	0.2882101751	1184
523	0.2887623019	1227
524	0.2893144287	1136
525	0.2898665555	1193
526	0.2904186822	1208
527	0.290970809	1142
528	0.2915229358	1163
529	0.2920750626	1214
530	0.2926271893	1125
531	0.2931793161	1217
532	0.2937314429	1193
533	0.2942835696	1124
534	0.2948356964	1154
535	0.2953878232	1202
536	0.29593995	1152
537	0.2964920767	1142
538	0.2970442035	1180
539	0.2975963303	1086
540	0.298148457	1215
541	0.2987005838	1142
542	0.2992527106	1126
543	0.2998048374	1119
544	0.3003569641	1190
545	0.3009090909	1161
546	0.3014612177	1095
547	0.3020133445	1122
548	0.3025654712	1154
549	0.303117598	1100
550	0.3036697248	1093
551	0.3042218515	1150
552	0.3047739783	1132
553	0.3053261051	1106
554	0.3058782319	1131
555	0.3064303586	1160
556	0.3069824854	1118
557	0.3075346122	1125
558	0.3080867389	1118
559	0.3086388657	1099
560	0.3091909925	1015
561	0.3097431193	1121
562	0.310295246	1139
563	0.3108473728	1057
564	0.3113994996	1066
565	0.3119516264	1191
566	0.3125037531	1099
567	0.3130558799	1134
568	0.3136080067	1098
569	0.3141601334	1096
570	0.3147122602	1066
571	0.315264387	1072
572	0.3158165138	1070
573	0.3163686405	1124
574	0.3169207673	1124
575	0.3174728941	1031
576	0.3180250209	1083
577	0.3185771476	1115
578	0.3191292744	1080
579	0.3196814012	1089
580	0.3202335279	1118
581	0.3207856547	1070
582	0.3213377815	1049
583	0.3218899083	1046
584	0.322442035	1078
585	0.3229941618	1078
586	0.3235462886	1038
587	0.3240984153	1103
588	0.3246505421	1095
589	0.3252026689	1078
590	0.3257547957	1083
591	0.3263069224	1036
592	0.3268590492	1095
593	0.327411176	1042
594	0.3279633028	1006
595	0.3285154295	1046
596	0.3290675563	1053
597	0.3296196831	1057
598	0.3301718098	1069
599	0.3307239366	1087
600	0.3312760634	1055
601	0.3318281902	1036
602	0.3323803169	1032
603	0.3329324437	1092
604	0.3334845705	1078
605	0.3340366972	1072
606	0.334588824	1086
607	0.3351409508	1059
608	0.3356930776	1029
609	0.3362452043	1074
610	0.3367973311	1086
611	0.3373494579	1038
612	0.3379015847	1058
613	0.3384537114	1027
614	0.3390058382	1055
615	0.339557965	1020
616	0.3401100917	1063
617	0.3406622185	1065
618	0.3412143453	1019
619	0.3417664721	1022
620	0.3423185988	1016
621	0.3428707256	1004
622	0.3434228524	1029
623	0.3439749791	1003
624	0.3445271059	1021
625	0.3450792327	1081
626	0.3456313595	1054
627	0.3461834862	991
628	0.346735613	1081
629	0.3472877398	1012
630	0.3478398666	1062
631	0.3483919933	1017
632	0.3489441201	1021
633	0.3494962469	1040
634	0.3500483736	929
635	0.3506005004	1062
636	0.3511526272	1039
637	0.351704754	984
638	0.3522568807	1037
639	0.3528090075	1073
640	0.3533611343	992
641	0.3539132611	1006
642	0.3544653878	1023
643	0.3550175146	1007
644	0.3555696414	961
645	0.3561217681	1035
646	0.3566738949	1022
647	0.3572260217	1032
648	0.3577781485	991
649	0.3583302752	1049
650	0.358882402	952
651	0.3594345288	1044
652	0.3599866555	1005
653	0.3605387823	1066
654	0.3610909091	984
655	0.3616430359	1053
656	0.3621951626	1063
657	0.3627472894	991
658	0.3632994162	972
659	0.363851543	1005
660	0.3644036697	1031
661	0.3649557965	1004
662	0.3655079233	959
663	0.36606005	1001
664	0.3666121768	1042
665	0.3671643036	992
666	0.3677164304	984
667	0.3682685571	1052
668	0.3688206839	1002
669	0.3693728107	1041
670	0.3699249374	995
671	0.3704770642	996
672	0.371029191	1034
673	0.3715813178	1000
674	0.3721334445	1025
675	0.3726855713	1001
676	0.3732376981	961
677	0.3737898249	1034
678	0.3743419516	989
679	0.3748940784	1012
680	0.3754462052	974
681	0.3759983319	1041
682	0.3765504587	1005
683	0.3771025855	1026
684	0.3776547123	987
685	0.378206839	1009
686	0.3787589658	1020
687	0.3793110926	994
688	0.3798632193	994
689	0.3804153461	956
690	0.3809674729	1006
691	0.3815195997	992
692	0.3820717264	967
693	0.3826238532	1065
694	0.38317598	984
695	0.3837281068	959
696	0.3842802335	1052
697	0.3848323603	1036
698	0.3853844871	958
699	0.3859366138	1004
700	0.3864887406	961
701	0.3870408674	950
702	0.3875929942	920
703	0.3881451209	956
704	0.3886972477	1017
705	0.3892493745	1007
706	0.3898015013	977
707	0.390353628	1014
708	0.3909057548	1010
709	0.3914578816	1075
710	0.3920100083	1030
711	0.3925621351	999
712	0.3931142619	979
713	0.3936663887	975
714	0.3942185154	912
715	0.3947706422	964
716	0.395322769	1002
717	0.3958748957	986
718	0.3964270225	894
719	0.3969791493	978
720	0.3975312761	976
721	0.3980834028	964
722	0.3986355296	969
723	0.3991876564	954
724	0.3997397832	973
725	0.4002919099	1058
726	0.4008440367	950
727	0.4013961635	982
728	0.4019482902	932
729	0.402500417	942
730	0.4030525438	951
731	0.4036046706	983
732	0.4041567973	959
733	0.4047089241	972
734	0.4052610509	1022
735	0.4058131776	948
736	0.4063653044	960
737	0.4069174312	991
738	0.407469558	957
739	0.4080216847	978
740	0.4085738115	1012
741	0.4091259383	1022
742	0.4096780651	968
743	0.4102301918	996
744	0.4107823186	1004
745	0.4113344454	1003
746	0.4118865721	1024
747	0.4124386989	1017
748	0.4129908257	919
749	0.4135429525	1025
750	0.4140950792	972
751	0.414647206	1012
752	0.4151993328	987
753	0.4157514595	1058
754	0.4163035863	918
755	0.4168557131	987
756	0.4174078399	967
757	0.4179599666	1046
758	0.4185120934	991
759	0.4190642202	983
760	0.419616347	959
761	0.4201684737	1010
762	0.4207206005	1037
763	0.4212727273	966
764	0.421824854	977
765	0.4223769808	1015
766	0.4229291076	941
767	0.4234812344	976
768	0.4240333611	950
769	0.4245854879	983
770	0.4251376147	908
771	0.4256897415	1028
772	0.4262418682	1024
773	0.426793995	1021
774	0.4273461218	950
775	0.4278982485	946
776	0.4284503753	984
777	0.4290025021	996
778	0.4295546289	941
779	0.4301067556	892
780	0.4306588824	963
781	0.4312110092	984
782	0.4317631359	932
783	0.4323152627	1031
784	0.4328673895	913
785	0.4334195163	959
786	0.433971643	923
787	0.4345237698	944
788	0.4350758966	961
789	0.4356280234	1007
790	0.4361801501	984
791	0.4367322769	988
792	0.4372844037	952
793	0.4378365304	966
794	0.4383886572	1004
795	0.438940784	906
796	0.4394929108	977
797	0.4400450375	1012
798	0.4405971643	935
799	0.4411492911	884
800	0.4417014178	945
801	0.4422535446	1001
802	0.4428056714	982
803	0.4433577982	933
804	0.4439099249	957
805	0.4444620517	934
806	0.4450141785	916
807	0.4455663053	892
808	0.446118432	911
809	0.4466705588	946
810	0.4472226856	955
811	0.4477748123	926
812	0.4483269391	956
813	0.4488790659	948
814	0.4494311927	862
815	0.4499833194	914
816	0.4505354462	948
817	0.451087573	942
818	0.4516396997	888
819	0.4521918265	929
820	0.4527439533	851
821	0.4532960801	884
822	0.4538482068	927
823	0.4544003336	917
824	0.4549524604	877
825	0.4555045872	901
826	0.4560567139	858
827	0.4566088407	869
828	0.4571609675	892
829	0.4577130942	902
830	0.458265221	851
831	0.4588173478	824
832	0.4593694746	867
833	0.4599216013	847
834	0.4604737281	885
835	0.4610258549	867
836	0.4615779817	809
837	0.4621301084	869
838	0.4626822352	895
839	0.463234362	827
840	0.4637864887	844
841	0.4643386155	827
842	0.4648907423	864
843	0.4654428691	843
844	0.4659949958	806
845	0.4665471226	855
846	0.4670992494	790
847	0.4676513761	799
848	0.4682035029	795
849	0.4687556297	795
850	0.4693077565	757
851	0.4698598832	767
852	0.47041201	813
853	0.4709641368	795
854	0.4715162636	809
855	0.4720683903	823
856	0.4726205171	768
857	0.4731726439	791
858	0.4737247706	780
859	0.4742768974	794
860	0.4748290242	769
861	0.475381151	740
862	0.4759332777	749
863	0.4764854045	756
864	0.4770375313	759
865	0.477589658	705
866	0.4781417848	724
867	0.4786939116	711
868	0.4792460384	706
869	0.4797981651	705
870	0.4803502919	661
871	0.4809024187	730
872	0.4814545455	694
873	0.4820066722	695
874	0.482558799	644
875	0.4831109258	664
876	0.4836630525	705
877	0.4842151793	680
878	0.4847673061	671
879	0.4853194329	684
880	0.4858715596	677
881	0.4864236864	666
882	0.4869758132	627
883	0.4875279399	675
884	0.4880800667	623
885	0.4886321935	624
886	0.4891843203	601
887	0.489736447	613
888	0.4902885738	605
889	0.4908407006	621
890	0.4913928274	622
891	0.4919449541	605
892	0.4924970809	625
893	0.4930492077	609
894	0.4936013344	614
895	0.4941534612	557
896	0.494705588	560
897	0.4952577148	566
898	0.4958098415	533
899	0.4963619683	576
900	0.4969140951	604
901	0.4974662219	549
902	0.4980183486	569
903	0.4985704754	533
904	0.4991226022	525
905	0.4996747289	540
906	0.5002268557	525
907	0.5007789825	541
908	0.5013311093	595
909	0.501883236	547
910	0.5024353628	522
911	0.5029874896	575
912	0.5035396163	548
913	0.5040917431	596
914	0.5046438699	537
915	0.5051959967	503
916	0.5057481234	528
917	0.5063002502	521
918	0.506852377	507
919	0.5074045038	543
920	0.5079566305	526
921	0.5085087573	521
922	0.5090608841	518
923	0.5096130108	487
924	0.5101651376	545
925	0.5107172644	521
926	0.5112693912	522
927	0.5118215179	508
928	0.5123736447	459
929	0.5129257715	523
930	0.5134778982	489
931	0.514030025	499
932	0.5145821518	480
933	0.5151342786	496
934	0.5156864053	505
935	0.5162385321	448
936	0.5167906589	494
937	0.5173427857	494
938	0.5178949124	485
939	0.5184470392	493
940	0.518999166	454
941	0.5195512927	446
942	0.5201034195	482
943	0.5206555463	476
944	0.5212076731	472
945	0.5217597998	447
946	0.5223119266	461
947	0.5228640534	483
948	0.5234161802	482
949	0.5239683069	491
950	0.5245204337	447
951	0.5250725605	455
952	0.5256246872	448
953	0.526176814	473
954	0.5267289408	415
955	0.5272810676	483
956	0.5278331943	400
957	0.5283853211	459
958	0.5289374479	441
959	0.5294895746	459
960	0.5300417014	429
961	0.5305938282	418
962	0.531145955	406
963	0.5316980817	429
964	0.5322502085	384
965	0.5328023353	434
966	0.5333544621	427
967	0.5339065888	417
968	0.5344587156	425
969	0.5350108424	429
970	0.5355629691	388
971	0.5361150959	406
972	0.5366672227	410
973	0.5372193495	399
974	0.5377714762	424
975	0.538323603	378
976	0.5388757298	362
977	0.5394278565	383
978	0.5399799833	398
979	0.5405321101	391
980	0.5410842369	370
981	0.5416363636	381
982	0.5421884904	387
983	0.5427406172	383
984	0.543292744	339
985	0.5438448707	367
986	0.5443969975	373
987	0.5449491243	350
988	0.545501251	415
989	0.5460533778	363
990	0.5466055046	376
991	0.5471576314	394
992	0.5477097581	350
993	0.5482618849	336
994	0.5488140117	357
995	0.5493661384	347
996	0.5499182652	360
997	0.550470392	342
998	0.5510225188	352
999	0.5515746455	335
1000	0.5521267723	340
1001	0.5526788991	344
1002	0.5532310259	316
1003	0.5537831526	343
1004	0.5543352794	313
1005	0.5548874062	362
1006	0.5554395329	312
1007	0.5559916597	339
1008	0.5565437865	340
1009	0.5570959133	349
1010	0.55764804	316
1011	0.5582001668	327
1012	0.5587522936	316
1013	0.5593044204	340
1014	0.5598565471	341
1015	0.5604086739	329
1016	0.5609608007	348
1017	0.5615129274	317
1018	0.5620650542	327
1019	0.562617181	327
1020	0.5631693078	321
1021	0.5637214345	322
1022	0.5642735613	331
1023	0.5648256881	319
1024	0.5653778148	322
1025	0.5659299416	312
1026	0.5664820684	328
1027	0.5670341952	337
1028	0.5675863219	348
1029	0.5681384487	297
1030	0.5686905755	337
1031	0.5692427023	336
1032	0.569794829	322
1033	0.5703469558	300
1034	0.5708990826	313
1035	0.5714512093	326
1036	0.5720033361	315
1037	0.5725554629	308
1038	0.5731075897	348
1039	0.5736597164	318
1040	0.5742118432	294
1041	0.57476397	316
1042	0.5753160967	326
1043	0.5758682235	312
1044	0.5764203503	319
1045	0.5769724771	316
1046	0.5775246038	304
1047	0.5780767306	302
1048	0.5786288574	377
1049	0.5791809842	332
1050	0.5797331109	305
1051	0.5802852377	288
1052	0.5808373645	281
1053	0.5813894912	314
1054	0.581941618	295
1055	0.5824937448	310
1056	0.5830458716	311
1057	0.5835979983	340
1058	0.5841501251	300
1059	0.5847022519	335
1060	0.5852543786	291
1061	0.5858065054	375
1062	0.5863586322	313
1063	0.586910759	351
1064	0.5874628857	377
1065	0.5880150125	330
1066	0.5885671393	335
1067	0.5891192661	331
1068	0.5896713928	299
1069	0.5902235196	369
1070	0.5907756464	325
1071	0.5913277731	353
1072	0.5918798999	355
1073	0.5924320267	325
1074	0.5929841535	333
1075	0.5935362802	312
1076	0.594088407	376
1077	0.5946405338	356
1078	0.5951926606	353
1079	0.5957447873	382
1080	0.5962969141	362
1081	0.5968490409	362
1082	0.5974011676	353
1083	0.5979532944	367
1084	0.5985054212	358
1085	0.599057548	367
1086	0.5996096747	381
1087	0.6001618015	370
1088	0.6007139283	378
1089	0.601266055	387
1090	0.6018181818	388
1091	0.6023703086	376
1092	0.6029224354	426
1093	0.6034745621	428
1094	0.6040266889	448
1095	0.6045788157	452
1096	0.6051309425	412
1097	0.6056830692	442
1098	0.606235196	400
1099	0.6067873228	485
1100	0.6073394495	450
1101	0.6078915763	467
1102	0.6084437031	454
1103	0.6089958299	504
1104	0.6095479566	483
1105	0.6101000834	511
1106	0.6106522102	531
1107	0.6112043369	539
1108	0.6117564637	555
1109	0.6123085905	537
1110	0.6128607173	574
1111	0.613412844	600
1112	0.6139649708	549
1113	0.6145170976	611
1114	0.6150692244	592
1115	0.6156213511	592
1116	0.6161734779	663
1117	0.6167256047	676
1118	0.6172777314	697
1119	0.6178298582	684
1120	0.618381985	704
1121	0.6189341118	724
1122	0.6194862385	759
1123	0.6200383653	757
1124	0.6205904921	785
1125	0.6211426188	812
1126	0.6216947456	806
1127	0.6222468724	849
1128	0.6227989992	909
1129	0.6233511259	900
1130	0.6239032527	901
1131	0.6244553795	956
1132	0.6250075063	953
1133	0.625559633	966
1134	0.6261117598	1005
1135	0.6266638866	1023
1136	0.6272160133	1058
1137	0.6277681401	1156
1138	0.6283202669	1136
1139	0.6288723937	1169
1140	0.6294245204	1247
1141	0.6299766472	1256
1142	0.630528774	1255
1143	0.6310809008	1290
1144	0.6316330275	1311
1145	0.6321851543	1401
1146	0.6327372811	1463
1147	0.6332894078	1407
1148	0.6338415346	1396
1149	0.6343936614	1493
1150	0.6349457882	1533
1151	0.6354979149	1567
1152	0.6360500417	1654
1153	0.6366021685	1670
1154	0.6371542952	1683
1155	0.637706422	1750
1156	0.6382585488	1839
1157	0.6388106756	1857
1158	0.6393628023	1943
1159	0.6399149291	2014
1160	0.6404670559	1966
1161	0.6410191827	2096
1162	0.6415713094	2087
1163	0.6421234362	2156
1164	0.642675563	2152
1165	0.6432276897	2176
1166	0.6437798165	2307
1167	0.6443319433	2337
1168	0.6448840701	2446
1169	0.6454361968	2430
1170	0.6459883236	2535
1171	0.6465404504	2570
1172	0.6470925771	2529
1173	0.6476447039	2666
1174	0.6481968307	2718
1175	0.6487489575	2755
1176	0.6493010842	2756
1177	0.649853211	2774
1178	0.6504053378	2918
1179	0.6509574646	2910
1180	0.6515095913	2987
1181	0.6520617181	3038
1182	0.6526138449	3018
1183	0.6531659716	3026
1184	0.6537180984	3234
1185	0.6542702252	3334
1186	0.654822352	3331
1187	0.6553744787	3448
1188	0.6559266055	3394
1189	0.6564787323	3478
1190	0.657030859	3423
1191	0.6575829858	3513
1192	0.6581351126	3617
1193	0.6586872394	3622
1194	0.6592393661	3697
1195	0.6597914929	3736
1196	0.6603436197	3757
1197	0.6608957465	3769
1198	0.6614478732	3742
1199	0.662		3802
1200	0.6625521268	3854
1201	0.6631042535	3935
1202	0.6636563803	3909
1203	0.6642085071	3918
1204	0.6647606339	3922
1205	0.6653127606	3905
1206	0.6658648874	3960
1207	0.6664170142	4067
1208	0.666969141	4055
1209	0.6675212677	4093
1210	0.6680733945	3998
1211	0.6686255213	4111
1212	0.669177648	4062
1213	0.6697297748	4234
1214	0.6702819016	4149
1215	0.6708340284	4006
1216	0.6713861551	4090
1217	0.6719382819	4110
1218	0.6724904087	4083
1219	0.6730425354	4076
1220	0.6735946622	4138
1221	0.674146789	4086
1222	0.6746989158	4021
1223	0.6752510425	4126
1224	0.6758031693	4021
1225	0.6763552961	4132
1226	0.6769074229	4032
1227	0.6774595496	3887
1228	0.6780116764	3989
1229	0.6785638032	3902
1230	0.6791159299	3878
1231	0.6796680567	3921
1232	0.6802201835	3774
1233	0.6807723103	3835
1234	0.681324437	3765
1235	0.6818765638	3639
1236	0.6824286906	3613
1237	0.6829808173	3709
1238	0.6835329441	3666
1239	0.6840850709	3604
1240	0.6846371977	3485
1241	0.6851893244	3535
1242	0.6857414512	3457
1243	0.686293578	3278
1244	0.6868457048	3369
1245	0.6873978315	3168
1246	0.6879499583	3274
1247	0.6885020851	3205
1248	0.6890542118	3070
1249	0.6896063386	3112
1250	0.6901584654	2955
1251	0.6907105922	2961
1252	0.6912627189	2819
1253	0.6918148457	2955
1254	0.6923669725	2857
1255	0.6929190992	2814
1256	0.693471226	2667
1257	0.6940233528	2705
1258	0.6945754796	2531
1259	0.6951276063	2548
1260	0.6956797331	2427
1261	0.6962318599	2350
1262	0.6967839867	2387
1263	0.6973361134	2338
1264	0.6978882402	2238
1265	0.698440367	2263
1266	0.6989924937	2100
1267	0.6995446205	2042
1268	0.7000967473	2044
1269	0.7006488741	2036
1270	0.7012010008	1952
1271	0.7017531276	1899
1272	0.7023052544	1811
1273	0.7028573812	1721
1274	0.7034095079	1727
1275	0.7039616347	1610
1276	0.7045137615	1552
1277	0.7050658882	1494
1278	0.705618015	1485
1279	0.7061701418	1416
1280	0.7067222686	1399
1281	0.7072743953	1349
1282	0.7078265221	1277
1283	0.7083786489	1261
1284	0.7089307756	1247
1285	0.7094829024	1146
1286	0.7100350292	1136
1287	0.710587156	1118
1288	0.7111392827	1137
1289	0.7116914095	1010
1290	0.7122435363	965
1291	0.7127956631	1009
1292	0.7133477898	875
1293	0.7138999166	882
1294	0.7144520434	886
1295	0.7150041701	850
1296	0.7155562969	800
1297	0.7161084237	820
1298	0.7166605505	753
1299	0.7172126772	728
1300	0.717764804	687
1301	0.7183169308	645
1302	0.7188690575	645
1303	0.7194211843	587
1304	0.7199733111	604
1305	0.7205254379	578
1306	0.7210775646	526
1307	0.7216296914	477
1308	0.7221818182	479
1309	0.722733945	495
1310	0.7232860717	478
1311	0.7238381985	459
1312	0.7243903253	417
1313	0.724942452	389
1314	0.7254945788	351
1315	0.7260467056	366
1316	0.7265988324	365
1317	0.7271509591	358
1318	0.7277030859	337
1319	0.7282552127	325
1320	0.7288073394	291
1321	0.7293594662	297
1322	0.729911593	289
1323	0.7304637198	266
1324	0.7310158465	262
1325	0.7315679733	256
1326	0.7321201001	244
1327	0.7326722269	228
1328	0.7332243536	233
1329	0.7337764804	242
1330	0.7343286072	210
1331	0.7348807339	223
1332	0.7354328607	175
1333	0.7359849875	199
1334	0.7365371143	206
1335	0.737089241	168
1336	0.7376413678	175
1337	0.7381934946	174
1338	0.7387456214	142
1339	0.7392977481	177
1340	0.7398498749	164
1341	0.7404020017	183
1342	0.7409541284	158
1343	0.7415062552	132
1344	0.742058382	155
1345	0.7426105088	148
1346	0.7431626355	118
1347	0.7437147623	123
1348	0.7442668891	126
1349	0.7448190158	135
1350	0.7453711426	120
1351	0.7459232694	133
1352	0.7464753962	114
1353	0.7470275229	140
1354	0.7475796497	111
1355	0.7481317765	136
1356	0.7486839033	125
1357	0.74923603	119
1358	0.7497881568	130
1359	0.7503402836	93
1360	0.7508924103	99
1361	0.7514445371	94
1362	0.7519966639	102
1363	0.7525487907	117
1364	0.7531009174	100
1365	0.7536530442	105
1366	0.754205171	101
1367	0.7547572977	123
1368	0.7553094245	110
1369	0.7558615513	108
1370	0.7564136781	111
1371	0.7569658048	98
1372	0.7575179316	104
1373	0.7580700584	95
1374	0.7586221852	101
1375	0.7591743119	94
1376	0.7597264387	91
1377	0.7602785655	99
1378	0.7608306922	94
1379	0.761382819	97
1380	0.7619349458	96
1381	0.7624870726	114
1382	0.7630391993	95
1383	0.7635913261	102
1384	0.7641434529	94
1385	0.7646955796	103
1386	0.7652477064	100
1387	0.7657998332	92
1388	0.76635196	76
1389	0.7669040867	94
1390	0.7674562135	92
1391	0.7680083403	89
1392	0.7685604671	76
1393	0.7691125938	72
1394	0.7696647206	82
1395	0.7702168474	98
1396	0.7707689741	87
1397	0.7713211009	77
1398	0.7718732277	83
1399	0.7724253545	71
1400	0.7729774812	85
1401	0.773529608	72
1402	0.7740817348	82
1403	0.7746338616	82
1404	0.7751859883	81
1405	0.7757381151	91
1406	0.7762902419	94
1407	0.7768423686	84
1408	0.7773944954	89
1409	0.7779466222	82
1410	0.778498749	82
1411	0.7790508757	88
1412	0.7796030025	105
1413	0.7801551293	94
1414	0.780707256	80
1415	0.7812593828	83
1416	0.7818115096	77
1417	0.7823636364	87
1418	0.7829157631	89
1419	0.7834678899	85
1420	0.7840200167	81
1421	0.7845721435	94
1422	0.7851242702	75
1423	0.785676397	86
1424	0.7862285238	71
1425	0.7867806505	73
1426	0.7873327773	77
1427	0.7878849041	71
1428	0.7884370309	85
1429	0.7889891576	75
1430	0.7895412844	75
1431	0.7900934112	77
1432	0.7906455379	76
1433	0.7911976647	81
1434	0.7917497915	79
1435	0.7923019183	102
1436	0.792854045	66
1437	0.7934061718	65
1438	0.7939582986	85
1439	0.7945104254	74
1440	0.7950625521	74
1441	0.7956146789	84
1442	0.7961668057	98
1443	0.7967189324	81
1444	0.7972710592	80
1445	0.797823186	90
1446	0.7983753128	79
1447	0.7989274395	74
1448	0.7994795663	84
1449	0.8000316931	70
1450	0.8005838198	82
1451	0.8011359466	67
1452	0.8016880734	100
1453	0.8022402002	83
1454	0.8027923269	73
1455	0.8033444537	64
1456	0.8038965805	69
1457	0.8044487073	65
1458	0.805000834	90
1459	0.8055529608	75
1460	0.8061050876	74
1461	0.8066572143	81
1462	0.8072093411	73
1463	0.8077614679	85
1464	0.8083135947	76
1465	0.8088657214	75
1466	0.8094178482	74
1467	0.809969975	78
1468	0.8105221018	69
1469	0.8110742285	86
1470	0.8116263553	83
1471	0.8121784821	72
1472	0.8127306088	72
1473	0.8132827356	64
1474	0.8138348624	82
1475	0.8143869892	67
1476	0.8149391159	81
1477	0.8154912427	74
1478	0.8160433695	77
1479	0.8165954962	89
1480	0.817147623	71
1481	0.8176997498	73
1482	0.8182518766	68
1483	0.8188040033	74
1484	0.8193561301	75
1485	0.8199082569	73
1486	0.8204603837	69
1487	0.8210125104	63
1488	0.8215646372	74
1489	0.822116764	81
1490	0.8226688907	77
1491	0.8232210175	96
1492	0.8237731443	72
1493	0.8243252711	76
1494	0.8248773978	70
1495	0.8254295246	68
1496	0.8259816514	79
1497	0.8265337781	67
1498	0.8270859049	87
1499	0.8276380317	76
1500	0.8281901585	73
1501	0.8287422852	77
1502	0.829294412	83
1503	0.8298465388	63
1504	0.8303986656	76
1505	0.8309507923	84
1506	0.8315029191	71
1507	0.8320550459	70
1508	0.8326071726	72
1509	0.8331592994	86
1510	0.8337114262	71
1511	0.834263553	70
1512	0.8348156797	67
1513	0.8353678065	81
1514	0.8359199333	83
1515	0.8364720601	84
1516	0.8370241868	87
1517	0.8375763136	85
1518	0.8381284404	76
1519	0.8386805671	85
1520	0.8392326939	78
1521	0.8397848207	76
1522	0.8403369475	83
1523	0.8408890742	69
1524	0.841441201	67
1525	0.8419933278	66
1526	0.8425454545	77
1527	0.8430975813	69
1528	0.8436497081	61
1529	0.8442018349	65
1530	0.8447539616	74
1531	0.8453060884	72
1532	0.8458582152	71
1533	0.846410342	75
1534	0.8469624687	73
1535	0.8475145955	67
1536	0.8480667223	66
1537	0.848618849	67
1538	0.8491709758	72
1539	0.8497231026	61
1540	0.8502752294	75
1541	0.8508273561	84
1542	0.8513794829	76
1543	0.8519316097	97
1544	0.8524837364	70
1545	0.8530358632	74
1546	0.85358799	57
1547	0.8541401168	71
1548	0.8546922435	69
1549	0.8552443703	60
1550	0.8557964971	75
1551	0.8563486239	73
1552	0.8569007506	67
1553	0.8574528774	77
1554	0.8580050042	73
1555	0.8585571309	71
1556	0.8591092577	64
1557	0.8596613845	66
1558	0.8602135113	76
1559	0.860765638	67
1560	0.8613177648	86
1561	0.8618698916	72
1562	0.8624220183	72
1563	0.8629741451	58
1564	0.8635262719	63
1565	0.8640783987	72
1566	0.8646305254	68
1567	0.8651826522	57
1568	0.865734779	49
1569	0.8662869058	61
1570	0.8668390325	75
1571	0.8673911593	63
1572	0.8679432861	76
1573	0.8684954128	61
1574	0.8690475396	67
1575	0.8695996664	64
1576	0.8701517932	50
1577	0.8707039199	56
1578	0.8712560467	48
1579	0.8718081735	73
1580	0.8723603003	55
1581	0.872912427	74
1582	0.8734645538	78
1583	0.8740166806	57
1584	0.8745688073	61
1585	0.8751209341	71
1586	0.8756730609	63
1587	0.8762251877	73
1588	0.8767773144	67
1589	0.8773294412	57
1590	0.877881568	70
1591	0.8784336947	57
1592	0.8789858215	58
1593	0.8795379483	58
1594	0.8800900751	59
1595	0.8806422018	78
1596	0.8811943286	78
1597	0.8817464554	64
1598	0.8822985822	57
1599	0.8828507089	59
1600	0.8834028357	54
1601	0.8839549625	68
1602	0.8845070892	61
1603	0.885059216	59
1604	0.8856113428	57
1605	0.8861634696	70
1606	0.8867155963	66
1607	0.8872677231	57
1608	0.8878198499	72
1609	0.8883719766	62
1610	0.8889241034	75
1611	0.8894762302	57
1612	0.890028357	65
1613	0.8905804837	52
1614	0.8911326105	71
1615	0.8916847373	54
1616	0.8922368641	58
1617	0.8927889908	55
1618	0.8933411176	64
1619	0.8938932444	71
1620	0.8944453711	59
1621	0.8949974979	55
1622	0.8955496247	63
1623	0.8961017515	52
1624	0.8966538782	56
1625	0.897206005	67
1626	0.8977581318	55
1627	0.8983102585	66
1628	0.8988623853	56
1629	0.8994145121	54
1630	0.8999666389	63
1631	0.9005187656	62
1632	0.9010708924	45
1633	0.9016230192	70
1634	0.902175146	57
1635	0.9027272727	49
1636	0.9032793995	58
1637	0.9038315263	61
1638	0.904383653	58
1639	0.9049357798	57
1640	0.9054879066	65
1641	0.9060400334	60
1642	0.9065921601	54
1643	0.9071442869	61
1644	0.9076964137	66
1645	0.9082485405	49
1646	0.9088006672	60
1647	0.909352794	62
1648	0.9099049208	60
1649	0.9104570475	66
1650	0.9110091743	76
1651	0.9115613011	46
1652	0.9121134279	57
1653	0.9126655546	55
1654	0.9132176814	63
1655	0.9137698082	60
1656	0.9143219349	52
1657	0.9148740617	52
1658	0.9154261885	58
1659	0.9159783153	58
1660	0.916530442	51
1661	0.9170825688	54
1662	0.9176346956	60
1663	0.9181868224	52
1664	0.9187389491	45
1665	0.9192910759	60
1666	0.9198432027	52
1667	0.9203953294	56
1668	0.9209474562	55
1669	0.921499583	45
1670	0.9220517098	57
1671	0.9226038365	64
1672	0.9231559633	45
1673	0.9237080901	50
1674	0.9242602168	52
1675	0.9248123436	57
1676	0.9253644704	49
1677	0.9259165972	63
1678	0.9264687239	44
1679	0.9270208507	58
1680	0.9275729775	49
1681	0.9281251043	51
1682	0.928677231	62
1683	0.9292293578	55
1684	0.9297814846	55
1685	0.9303336113	37
1686	0.9308857381	54
1687	0.9314378649	53
1688	0.9319899917	43
1689	0.9325421184	50
1690	0.9330942452	41
1691	0.933646372	71
1692	0.9341984987	52
1693	0.9347506255	77
1694	0.9353027523	49
1695	0.9358548791	60
1696	0.9364070058	60
1697	0.9369591326	50
1698	0.9375112594	49
1699	0.9380633862	53
1700	0.9386155129	44
1701	0.9391676397	49
1702	0.9397197665	48
1703	0.9402718932	46
1704	0.94082402	56
1705	0.9413761468	44
1706	0.9419282736	37
1707	0.9424804003	52
1708	0.9430325271	53
1709	0.9435846539	68
1710	0.9441367807	55
1711	0.9446889074	49
1712	0.9452410342	58
1713	0.945793161	48
1714	0.9463452877	55
1715	0.9468974145	50
1716	0.9474495413	35
1717	0.9480016681	44
1718	0.9485537948	49
1719	0.9491059216	42
1720	0.9496580484	53
1721	0.9502101751	57
1722	0.9507623019	39
1723	0.9513144287	51
1724	0.9518665555	42
1725	0.9524186822	42
1726	0.952970809	48
1727	0.9535229358	57
1728	0.9540750626	50
1729	0.9546271893	42
1730	0.9551793161	55
1731	0.9557314429	52
1732	0.9562835696	54
1733	0.9568356964	46
1734	0.9573878232	53
1735	0.95793995	36
1736	0.9584920767	41
1737	0.9590442035	51
1738	0.9595963303	34
1739	0.960148457	36
1740	0.9607005838	52
1741	0.9612527106	55
1742	0.9618048374	50
1743	0.9623569641	42
1744	0.9629090909	41
1745	0.9634612177	40
1746	0.9640133445	50
1747	0.9645654712	41
1748	0.965117598	57
1749	0.9656697248	51
1750	0.9662218515	46
1751	0.9667739783	44
1752	0.9673261051	40
1753	0.9678782319	47
1754	0.9684303586	36
1755	0.9689824854	58
1756	0.9695346122	43
1757	0.9700867389	49
1758	0.9706388657	44
1759	0.9711909925	42
1760	0.9717431193	45
1761	0.972295246	58
1762	0.9728473728	49
1763	0.9733994996	32
1764	0.9739516264	50
1765	0.9745037531	51
1766	0.9750558799	42
1767	0.9756080067	41
1768	0.9761601334	35
1769	0.9767122602	45
1770	0.977264387	48
1771	0.9778165138	49
1772	0.9783686405	42
1773	0.9789207673	47
1774	0.9794728941	38
1775	0.9800250209	48
1776	0.9805771476	45
1777	0.9811292744	36
1778	0.9816814012	39
1779	0.9822335279	41
1780	0.9827856547	34
1781	0.9833377815	46
1782	0.9838899083	38
1783	0.984442035	51
1784	0.9849941618	39
1785	0.9855462886	48
1786	0.9860984153	36
1787	0.9866505421	46
1788	0.9872026689	42
1789	0.9877547957	43
1790	0.9883069224	41
1791	0.9888590492	39
1792	0.989411176	46
1793	0.9899633028	34
1794	0.9905154295	47
1795	0.9910675563	46
1796	0.9916196831	40
1797	0.9921718098	39
1798	0.9927239366	33
1799	0.9932760634	39
1800	0.9938281902	36
1801	0.9943803169	47
1802	0.9949324437	38
1803	0.9954845705	36
1804	0.9960366972	33
1805	0.996588824	45
1806	0.9971409508	49
1807	0.9976930776	50
1808	0.9982452043	36
1809	0.9987973311	41
1810	0.9993494579	41
1811	0.9999015847	45
1812	1.000453711	32
1813	1.001005838	36
1814	1.001557965	39
1815	1.002110092	46
1816	1.002662219	35
1817	1.003214345	43
1818	1.003766472	31
1819	1.004318599	37
1820	1.004870726	47
1821	1.005422852	38
1822	1.005974979	45
1823	1.006527106	35
1824	1.007079233	40
1825	1.007631359	41
1826	1.008183486	39
1827	1.008735613	49
1828	1.00928774	32
1829	1.009839867	32
1830	1.010391993	37
1831	1.01094412	36
1832	1.011496247	29
1833	1.012048374	31
1834	1.0126005	36
1835	1.013152627	31
1836	1.013704754	33
1837	1.014256881	34
1838	1.014809008	37
1839	1.015361134	39
1840	1.015913261	41
1841	1.016465388	43
1842	1.017017515	41
1843	1.017569641	29
1844	1.018121768	47
1845	1.018673895	36
1846	1.019226022	34
1847	1.019778148	35
1848	1.020330275	32
1849	1.020882402	46
1850	1.021434529	49
1851	1.021986656	42
1852	1.022538782	30
1853	1.023090909	34
1854	1.023643036	36
1855	1.024195163	31
1856	1.024747289	39
1857	1.025299416	38
1858	1.025851543	37
1859	1.02640367	36
1860	1.026955796	30
1861	1.027507923	26
1862	1.02806005	27
1863	1.028612177	38
1864	1.029164304	38
1865	1.02971643	31
1866	1.030268557	34
1867	1.030820684	27
1868	1.031372811	31
1869	1.031924937	32
1870	1.032477064	39
1871	1.033029191	32
1872	1.033581318	18
1873	1.034133445	17
1874	1.034685571	37
1875	1.035237698	29
1876	1.035789825	29
1877	1.036341952	37
1878	1.036894078	40
1879	1.037446205	29
1880	1.037998332	45
1881	1.038550459	34
1882	1.039102585	32
1883	1.039654712	39
1884	1.040206839	32
1885	1.040758966	47
1886	1.041311093	22
1887	1.041863219	32
1888	1.042415346	32
1889	1.042967473	34
1890	1.0435196	29
1891	1.044071726	27
1892	1.044623853	37
1893	1.04517598	44
1894	1.045728107	23
1895	1.046280234	31
1896	1.04683236	36
1897	1.047384487	34
1898	1.047936614	36
1899	1.048488741	24
1900	1.049040867	39
1901	1.049592994	32
1902	1.050145121	26
1903	1.050697248	29
1904	1.051249374	28
1905	1.051801501	44
1906	1.052353628	33
1907	1.052905755	34
1908	1.053457882	45
1909	1.054010008	33
1910	1.054562135	32
1911	1.055114262	25
1912	1.055666389	30
1913	1.056218515	32
1914	1.056770642	30
1915	1.057322769	23
1916	1.057874896	28
1917	1.058427023	33
1918	1.058979149	32
1919	1.059531276	32
1920	1.060083403	37
1921	1.06063553	33
1922	1.061187656	24
1923	1.061739783	35
1924	1.06229191	35
1925	1.062844037	25
1926	1.063396163	27
1927	1.06394829	29
1928	1.064500417	34
1929	1.065052544	32
1930	1.065604671	38
1931	1.066156797	24
1932	1.066708924	28
1933	1.067261051	30
1934	1.067813178	27
1935	1.068365304	29
1936	1.068917431	24
1937	1.069469558	34
1938	1.070021685	20
1939	1.070573812	45
1940	1.071125938	17
1941	1.071678065	26
1942	1.072230192	32
1943	1.072782319	41
1944	1.073334445	29
1945	1.073886572	35
1946	1.074438699	29
1947	1.074990826	27
1948	1.075542952	32
1949	1.076095079	32
1950	1.076647206	36
1951	1.077199333	31
1952	1.07775146	36
1953	1.078303586	36
1954	1.078855713	34
1955	1.07940784	26
1956	1.079959967	29
1957	1.080512093	21
1958	1.08106422	28
1959	1.081616347	39
1960	1.082168474	31
1961	1.082720601	28
1962	1.083272727	17
1963	1.083824854	37
1964	1.084376981	32
1965	1.084929108	28
1966	1.085481234	36
1967	1.086033361	29
1968	1.086585488	22
1969	1.087137615	25
1970	1.087689741	24
1971	1.088241868	38
1972	1.088793995	21
1973	1.089346122	34
1974	1.089898249	43
1975	1.090450375	27
1976	1.091002502	27
1977	1.091554629	25
1978	1.092106756	23
1979	1.092658882	26
1980	1.093211009	27
1981	1.093763136	32
1982	1.094315263	28
1983	1.094867389	31
1984	1.095419516	30
1985	1.095971643	35
1986	1.09652377	29
1987	1.097075897	31
1988	1.097628023	20
1989	1.09818015	36
1990	1.098732277	30
1991	1.099284404	21
1992	1.09983653	24
1993	1.100388657	24
1994	1.100940784	30
1995	1.101492911	31
1996	1.102045038	34
1997	1.102597164	21
1998	1.103149291	28
1999	1.103701418	27
2000	1.104253545	28
2001	1.104805671	26
2002	1.105357798	24
2003	1.105909925	19
2004	1.106462052	24
2005	1.107014178	25
2006	1.107566305	25
2007	1.108118432	16
2008	1.108670559	35
2009	1.109222686	23
2010	1.109774812	23
2011	1.110326939	23
2012	1.110879066	32
2013	1.111431193	28
2014	1.111983319	22
2015	1.112535446	26
2016	1.113087573	27
2017	1.1136397	19
2018	1.114191827	31
2019	1.114743953	32
2020	1.11529608	29
2021	1.115848207	15
2022	1.116400334	21
2023	1.11695246	21
2024	1.117504587	25
2025	1.118056714	26
2026	1.118608841	19
2027	1.119160967	23
2028	1.119713094	19
2029	1.120265221	25
2030	1.120817348	28
2031	1.121369475	26
2032	1.121921601	29
2033	1.122473728	31
2034	1.123025855	31
2035	1.123577982	29
2036	1.124130108	29
2037	1.124682235	28
2038	1.125234362	21
2039	1.125786489	18
2040	1.126338616	25
2041	1.126890742	25
2042	1.127442869	21
2043	1.127994996	30
2044	1.128547123	19
2045	1.129099249	24
2046	1.129651376	28
2047	1.130203503	22
2048	1.13075563	22
2049	1.131307756	22
2050	1.131859883	25
2051	1.13241201	21
2052	1.132964137	26
2053	1.133516264	26
2054	1.13406839	18
2055	1.134620517	24
2056	1.135172644	18
2057	1.135724771	28
2058	1.136276897	25
2059	1.136829024	19
2060	1.137381151	22
2061	1.137933278	30
2062	1.138485405	15
2063	1.139037531	30
2064	1.139589658	29
2065	1.140141785	33
2066	1.140693912	26
2067	1.141246038	22
2068	1.141798165	20
2069	1.142350292	22
2070	1.142902419	31
2071	1.143454545	31
2072	1.144006672	19
2073	1.144558799	24
2074	1.145110926	18
2075	1.145663053	21
2076	1.146215179	34
2077	1.146767306	20
2078	1.147319433	19
2079	1.14787156	20
2080	1.148423686	21
2081	1.148975813	21
2082	1.14952794	20
2083	1.150080067	20
2084	1.150632193	22
2085	1.15118432	17
2086	1.151736447	22
2087	1.152288574	20
2088	1.152840701	24
2089	1.153392827	22
2090	1.153944954	22
2091	1.154497081	22
2092	1.155049208	21
2093	1.155601334	26
2094	1.156153461	21
2095	1.156705588	30
2096	1.157257715	24
2097	1.157809842	17
2098	1.158361968	25
2099	1.158914095	21
2100	1.159466222	28
2101	1.160018349	25
2102	1.160570475	26
2103	1.161122602	17
2104	1.161674729	22
2105	1.162226856	13
2106	1.162778982	31
2107	1.163331109	27
2108	1.163883236	32
2109	1.164435363	24
2110	1.16498749	27
2111	1.165539616	21
2112	1.166091743	16
2113	1.16664387	22
2114	1.167195997	22
2115	1.167748123	15
2116	1.16830025	23
2117	1.168852377	23
2118	1.169404504	22
2119	1.169956631	25
2120	1.170508757	22
2121	1.171060884	18
2122	1.171613011	23
2123	1.172165138	20
2124	1.172717264	23
2125	1.173269391	21
2126	1.173821518	17
2127	1.174373645	16
2128	1.174925771	18
2129	1.175477898	18
2130	1.176030025	13
2131	1.176582152	19
2132	1.177134279	17
2133	1.177686405	16
2134	1.178238532	12
2135	1.178790659	22
2136	1.179342786	28
2137	1.179894912	15
2138	1.180447039	18
2139	1.180999166	15
2140	1.181551293	18
2141	1.18210342	21
2142	1.182655546	20
2143	1.183207673	19
2144	1.1837598	19
2145	1.184311927	17
2146	1.184864053	18
2147	1.18541618	20
2148	1.185968307	23
2149	1.186520434	26
2150	1.18707256	14
2151	1.187624687	23
2152	1.188176814	19
2153	1.188728941	18
2154	1.189281068	22
2155	1.189833194	12
2156	1.190385321	22
2157	1.190937448	14
2158	1.191489575	22
2159	1.192041701	18
2160	1.192593828	17
2161	1.193145955	16
2162	1.193698082	20
2163	1.194250209	24
2164	1.194802335	12
2165	1.195354462	28
2166	1.195906589	15
2167	1.196458716	24
2168	1.197010842	24
2169	1.197562969	14
2170	1.198115096	18
2171	1.198667223	18
2172	1.199219349	13
2173	1.199771476	18
2174	1.200323603	19
2175	1.20087573	13
2176	1.201427857	29
2177	1.201979983	19
2178	1.20253211	28
2179	1.203084237	15
2180	1.203636364	22
2181	1.20418849	14
2182	1.204740617	18
2183	1.205292744	25
2184	1.205844871	18
2185	1.206396997	19
2186	1.206949124	21
2187	1.207501251	15
2188	1.208053378	18
2189	1.208605505	18
2190	1.209157631	10
2191	1.209709758	18
2192	1.210261885	18
2193	1.210814012	23
2194	1.211366138	16
2195	1.211918265	24
2196	1.212470392	16
2197	1.213022519	13
2198	1.213574646	12
2199	1.214126772	28
2200	1.214678899	16
2201	1.215231026	18
2202	1.215783153	12
2203	1.216335279	19
2204	1.216887406	22
2205	1.217439533	24
2206	1.21799166	18
2207	1.218543786	22
2208	1.219095913	20
2209	1.21964804	22
2210	1.220200167	11
2211	1.220752294	18
2212	1.22130442	20
2213	1.221856547	21
2214	1.222408674	18
2215	1.222960801	17
2216	1.223512927	23
2217	1.224065054	22
2218	1.224617181	22
2219	1.225169308	16
2220	1.225721435	19
2221	1.226273561	21
2222	1.226825688	14
2223	1.227377815	19
2224	1.227929942	21
2225	1.228482068	18
2226	1.229034195	13
2227	1.229586322	17
2228	1.230138449	22
2229	1.230690575	18
2230	1.231242702	25
2231	1.231794829	13
2232	1.232346956	14
2233	1.232899083	22
2234	1.233451209	20
2235	1.234003336	24
2236	1.234555463	18
2237	1.23510759	13
2238	1.235659716	29
2239	1.236211843	26
2240	1.23676397	21
2241	1.237316097	16
2242	1.237868224	24
2243	1.23842035	19
2244	1.238972477	13
2245	1.239524604	21
2246	1.240076731	19
2247	1.240628857	22
2248	1.241180984	23
2249	1.241733111	24
2250	1.242285238	16
2251	1.242837364	20
2252	1.243389491	27
2253	1.243941618	21
2254	1.244493745	10
2255	1.245045872	37
2256	1.245597998	29
2257	1.246150125	18
2258	1.246702252	23
2259	1.247254379	27
2260	1.247806505	23
2261	1.248358632	26
2262	1.248910759	29
2263	1.249462886	16
2264	1.250015013	29
2265	1.250567139	21
2266	1.251119266	20
2267	1.251671393	36
2268	1.25222352	16
2269	1.252775646	28
2270	1.253327773	23
2271	1.2538799	27
2272	1.254432027	28
2273	1.254984153	31
2274	1.25553628	28
2275	1.256088407	28
2276	1.256640534	24
2277	1.257192661	25
2278	1.257744787	20
2279	1.258296914	19
2280	1.258849041	26
2281	1.259401168	27
2282	1.259953294	20
2283	1.260505421	22
2284	1.261057548	29
2285	1.261609675	17
2286	1.262161802	11
2287	1.262713928	22
2288	1.263266055	17
2289	1.263818182	29
2290	1.264370309	19
2291	1.264922435	19
2292	1.265474562	20
2293	1.266026689	22
2294	1.266578816	29
2295	1.267130942	23
2296	1.267683069	24
2297	1.268235196	31
2298	1.268787323	29
2299	1.26933945	20
2300	1.269891576	28
2301	1.270443703	30
2302	1.27099583	23
2303	1.271547957	25
2304	1.272100083	28
2305	1.27265221	18
2306	1.273204337	30
2307	1.273756464	26
2308	1.27430859	25
2309	1.274860717	18
2310	1.275412844	22
2311	1.275964971	29
2312	1.276517098	22
2313	1.277069224	22
2314	1.277621351	30
2315	1.278173478	27
2316	1.278725605	20
2317	1.279277731	29
2318	1.279829858	19
2319	1.280381985	20
2320	1.280934112	29
2321	1.281486239	20
2322	1.282038365	22
2323	1.282590492	24
2324	1.283142619	20
2325	1.283694746	21
2326	1.284246872	29
2327	1.284798999	24
2328	1.285351126	20
2329	1.285903253	18
2330	1.286455379	18
2331	1.287007506	27
2332	1.287559633	24
2333	1.28811176	22
2334	1.288663887	23
2335	1.289216013	19
2336	1.28976814	22
2337	1.290320267	24
2338	1.290872394	24
2339	1.29142452	21
2340	1.291976647	26
2341	1.292528774	20
2342	1.293080901	24
2343	1.293633028	19
2344	1.294185154	27
2345	1.294737281	19
2346	1.295289408	23
2347	1.295841535	34
2348	1.296393661	23
2349	1.296945788	18
2350	1.297497915	28
2351	1.298050042	25
2352	1.298602168	26
2353	1.299154295	25
2354	1.299706422	22
2355	1.300258549	23
2356	1.300810676	30
2357	1.301362802	30
2358	1.301914929	18
2359	1.302467056	23
2360	1.303019183	29
2361	1.303571309	29
2362	1.304123436	27
2363	1.304675563	29
2364	1.30522769	22
2365	1.305779817	18
2366	1.306331943	33
2367	1.30688407	23
2368	1.307436197	26
2369	1.307988324	25
2370	1.30854045	24
2371	1.309092577	19
2372	1.309644704	24
2373	1.310196831	24
2374	1.310748957	18
2375	1.311301084	24
2376	1.311853211	21
2377	1.312405338	23
2378	1.312957465	18
2379	1.313509591	23
2380	1.314061718	18
2381	1.314613845	19
2382	1.315165972	29
2383	1.315718098	21
2384	1.316270225	12
2385	1.316822352	24
2386	1.317374479	18
2387	1.317926606	24
2388	1.318478732	26
2389	1.319030859	27
2390	1.319582986	23
2391	1.320135113	29
2392	1.320687239	26
2393	1.321239366	21
2394	1.321791493	24
2395	1.32234362	24
2396	1.322895746	23
2397	1.323447873	24
2398	1.324		16
2399	1.324552127	24
2400	1.325104254	20
2401	1.32565638	19
2402	1.326208507	15
2403	1.326760634	27
2404	1.327312761	23
2405	1.327864887	24
2406	1.328417014	20
2407	1.328969141	27
2408	1.329521268	18
2409	1.330073394	25
2410	1.330625521	16
2411	1.331177648	20
2412	1.331729775	22
2413	1.332281902	28
2414	1.332834028	27
2415	1.333386155	14
2416	1.333938282	20
2417	1.334490409	24
2418	1.335042535	21
2419	1.335594662	22
2420	1.336146789	19
2421	1.336698916	28
2422	1.337251043	31
2423	1.337803169	12
2424	1.338355296	18
2425	1.338907423	22
2426	1.33945955	11
2427	1.340011676	25
2428	1.340563803	19
2429	1.34111593	19
2430	1.341668057	18
2431	1.342220183	19
2432	1.34277231	15
2433	1.343324437	15
2434	1.343876564	25
2435	1.344428691	18
2436	1.344980817	23
2437	1.345532944	24
2438	1.346085071	10
2439	1.346637198	17
2440	1.347189324	24
2441	1.347741451	19
2442	1.348293578	20
2443	1.348845705	21
2444	1.349397832	25
2445	1.349949958	11
2446	1.350502085	26
2447	1.351054212	22
2448	1.351606339	23
2449	1.352158465	18
2450	1.352710592	15
2451	1.353262719	17
2452	1.353814846	19
2453	1.354366972	21
2454	1.354919099	14
2455	1.355471226	14
2456	1.356023353	23
2457	1.35657548	12
2458	1.357127606	12
2459	1.357679733	18
2460	1.35823186	14
2461	1.358783987	17
2462	1.359336113	18
2463	1.35988824	12
2464	1.360440367	18
2465	1.360992494	12
2466	1.361544621	9
2467	1.362096747	18
2468	1.362648874	16
2469	1.363201001	19
2470	1.363753128	15
2471	1.364305254	9
2472	1.364857381	13
2473	1.365409508	12
2474	1.365961635	15
2475	1.366513761	15
2476	1.367065888	11
2477	1.367618015	19
2478	1.368170142	10
2479	1.368722269	11
2480	1.369274395	10
2481	1.369826522	13
2482	1.370378649	18
2483	1.370930776	13
2484	1.371482902	13
2485	1.372035029	13
2486	1.372587156	8
2487	1.373139283	16
2488	1.37369141	7
2489	1.374243536	10
2490	1.374795663	11
2491	1.37534779	13
2492	1.375899917	9
2493	1.376452043	11
2494	1.37700417	19
2495	1.377556297	7
2496	1.378108424	16
2497	1.37866055	8
2498	1.379212677	13
2499	1.379764804	14
2500	1.380316931	18
2501	1.380869058	9
2502	1.381421184	9
2503	1.381973311	6
2504	1.382525438	8
2505	1.383077565	7
2506	1.383629691	9
2507	1.384181818	3
2508	1.384733945	6
2509	1.385286072	8
2510	1.385838198	10
2511	1.386390325	6
2512	1.386942452	7
2513	1.387494579	12
2514	1.388046706	5
2515	1.388598832	10
2516	1.389150959	7
2517	1.389703086	4
2518	1.390255213	11
2519	1.390807339	5
2520	1.391359466	8
2521	1.391911593	8
2522	1.39246372	5
2523	1.393015847	5
2524	1.393567973	8
2525	1.3941201	7
2526	1.394672227	5
2527	1.395224354	6
2528	1.39577648	2
2529	1.396328607	8
2530	1.396880734	6
2531	1.397432861	4
2532	1.397984987	10
2533	1.398537114	3
2534	1.399089241	2
2535	1.399641368	4
2536	1.400193495	7
2537	1.400745621	2
2538	1.401297748	2
2539	1.401849875	5
2540	1.402402002	6
2541	1.402954128	9
2542	1.403506255	5
2543	1.404058382	6
2544	1.404610509	7
2545	1.405162636	7
2546	1.405714762	4
2547	1.406266889	6
2548	1.406819016	6
2549	1.407371143	7
2550	1.407923269	2
2551	1.408475396	4
2552	1.409027523	3
2553	1.40957965	4
2554	1.410131776	7
2555	1.410683903	1
2556	1.41123603	4
2557	1.411788157	4
2558	1.412340284	3
2559	1.41289241	5
2560	1.413444537	0
2561	1.413996664	7
2562	1.414548791	3
2563	1.415100917	6
2564	1.415653044	2
2565	1.416205171	6
2566	1.416757298	2
2567	1.417309425	3
2568	1.417861551	8
2569	1.418413678	2
2570	1.418965805	6
2571	1.419517932	2
2572	1.420070058	2
2573	1.420622185	2
2574	1.421174312	4
2575	1.421726439	5
2576	1.422278565	5
2577	1.422830692	6
2578	1.423382819	3
2579	1.423934946	1
2580	1.424487073	5
2581	1.425039199	5
2582	1.425591326	4
2583	1.426143453	4
2584	1.42669558	0
2585	1.427247706	7
2586	1.427799833	1
2587	1.42835196	2
2588	1.428904087	3
2589	1.429456214	2
2590	1.43000834	3
2591	1.430560467	3
2592	1.431112594	3
2593	1.431664721	2
2594	1.432216847	5
2595	1.432768974	6
2596	1.433321101	6
2597	1.433873228	5
2598	1.434425354	2
2599	1.434977481	4
2600	1.435529608	6
2601	1.436081735	2
2602	1.436633862	2
2603	1.437185988	1
2604	1.437738115	4
2605	1.438290242	1
2606	1.438842369	4
2607	1.439394495	3
2608	1.439946622	3
2609	1.440498749	5
2610	1.441050876	4
2611	1.441603003	1
2612	1.442155129	1
2613	1.442707256	2
2614	1.443259383	4
2615	1.44381151	4
2616	1.444363636	4
2617	1.444915763	5
2618	1.44546789	5
2619	1.446020017	2
2620	1.446572143	4
2621	1.44712427	5
2622	1.447676397	3
2623	1.448228524	5
2624	1.448780651	4
2625	1.449332777	3
2626	1.449884904	6
2627	1.450437031	3
2628	1.450989158	3
2629	1.451541284	4
2630	1.452093411	1
2631	1.452645538	2
2632	1.453197665	8
2633	1.453749791	2
2634	1.454301918	4
2635	1.454854045	2
2636	1.455406172	2
2637	1.455958299	4
2638	1.456510425	1
2639	1.457062552	3
2640	1.457614679	2
2641	1.458166806	1
2642	1.458718932	2
2643	1.459271059	2
2644	1.459823186	1
2645	1.460375313	1
2646	1.46092744	1
2647	1.461479566	1
2648	1.462031693	0
2649	1.46258382	2
2650	1.463135947	1
2651	1.463688073	2
2652	1.4642402	2
2653	1.464792327	3
2654	1.465344454	3
2655	1.46589658	4
2656	1.466448707	0
2657	1.467000834	3
2658	1.467552961	5
2659	1.468105088	3
2660	1.468657214	4
2661	1.469209341	2
2662	1.469761468	3
2663	1.470313595	2
2664	1.470865721	2
2665	1.471417848	4
2666	1.471969975	0
2667	1.472522102	1
2668	1.473074229	0
2669	1.473626355	0
2670	1.474178482	1
2671	1.474730609	2
2672	1.475282736	5
2673	1.475834862	3
2674	1.476386989	1
2675	1.476939116	2
2676	1.477491243	4
2677	1.478043369	0
2678	1.478595496	2
2679	1.479147623	3
2680	1.47969975	3
2681	1.480251877	8
2682	1.480804003	2
2683	1.48135613	1
2684	1.481908257	1
2685	1.482460384	2
2686	1.48301251	3
2687	1.483564637	3
2688	1.484116764	1
2689	1.484668891	4
2690	1.485221018	1
2691	1.485773144	2
2692	1.486325271	4
2693	1.486877398	3
2694	1.487429525	2
2695	1.487981651	3
2696	1.488533778	3
2697	1.489085905	0
2698	1.489638032	1
2699	1.490190158	4
2700	1.490742285	3
2701	1.491294412	0
2702	1.491846539	1
2703	1.492398666	0
2704	1.492950792	3
2705	1.493502919	2
2706	1.494055046	4
2707	1.494607173	2
2708	1.495159299	1
2709	1.495711426	1
2710	1.496263553	0
2711	1.49681568	1
2712	1.497367807	3
2713	1.497919933	3
2714	1.49847206	2
2715	1.499024187	2
2716	1.499576314	0
2717	1.50012844	0
2718	1.500680567	4
2719	1.501232694	0
2720	1.501784821	2
2721	1.502336947	2
2722	1.502889074	1
2723	1.503441201	5
2724	1.503993328	2
2725	1.504545455	3
2726	1.505097581	3
2727	1.505649708	2
2728	1.506201835	0
2729	1.506753962	3
2730	1.507306088	2
2731	1.507858215	3
2732	1.508410342	2
2733	1.508962469	1
2734	1.509514595	1
2735	1.510066722	0
2736	1.510618849	3
2737	1.511170976	3
2738	1.511723103	1
2739	1.512275229	1
2740	1.512827356	3
2741	1.513379483	0
2742	1.51393161	2
2743	1.514483736	4
2744	1.515035863	2
2745	1.51558799	0
2746	1.516140117	0
2747	1.516692244	1
2748	1.51724437	2
2749	1.517796497	5
2750	1.518348624	1
2751	1.518900751	2
2752	1.519452877	2
2753	1.520005004	1
2754	1.520557131	0
2755	1.521109258	1
2756	1.521661384	0
2757	1.522213511	3
2758	1.522765638	0
2759	1.523317765	2
2760	1.523869892	0
2761	1.524422018	3
2762	1.524974145	0
2763	1.525526272	1
2764	1.526078399	2
2765	1.526630525	0
2766	1.527182652	1
2767	1.527734779	2
2768	1.528286906	0
2769	1.528839033	2
2770	1.529391159	0
2771	1.529943286	0
2772	1.530495413	2
2773	1.53104754	2
2774	1.531599666	1
2775	1.532151793	2
2776	1.53270392	0
2777	1.533256047	1
2778	1.533808173	1
2779	1.5343603	2
2780	1.534912427	0
2781	1.535464554	1
2782	1.536016681	2
2783	1.536568807	3
2784	1.537120934	0
2785	1.537673061	0
2786	1.538225188	1
2787	1.538777314	3
2788	1.539329441	1
2789	1.539881568	1
2790	1.540433695	4
2791	1.540985822	1
2792	1.541537948	1
2793	1.542090075	2
2794	1.542642202	0
2795	1.543194329	1
2796	1.543746455	2
2797	1.544298582	1
2798	1.544850709	2
2799	1.545402836	1
2800	1.545954962	0
2801	1.546507089	0
2802	1.547059216	3
2803	1.547611343	0
2804	1.54816347	1
2805	1.548715596	1
2806	1.549267723	4
2807	1.54981985	0
2808	1.550371977	1
2809	1.550924103	2
2810	1.55147623	1
2811	1.552028357	0
2812	1.552580484	1
2813	1.553132611	0
2814	1.553684737	0
2815	1.554236864	1
2816	1.554788991	1
2817	1.555341118	1
2818	1.555893244	1
2819	1.556445371	1
2820	1.556997498	1
2821	1.557549625	1
2822	1.558101751	5
2823	1.558653878	0
2824	1.559206005	1
2825	1.559758132	1
2826	1.560310259	0
2827	1.560862385	5
2828	1.561414512	0
2829	1.561966639	1
2830	1.562518766	0
2831	1.563070892	4
2832	1.563623019	1
2833	1.564175146	0
2834	1.564727273	1
2835	1.565279399	0
2836	1.565831526	1
2837	1.566383653	1
2838	1.56693578	0
2839	1.567487907	3
2840	1.568040033	0
2841	1.56859216	0
2842	1.569144287	0
2843	1.569696414	0
2844	1.57024854	1
2845	1.570800667	0
2846	1.571352794	0
2847	1.571904921	3
2848	1.572457048	2
2849	1.573009174	1
2850	1.573561301	1
2851	1.574113428	0
2852	1.574665555	0
2853	1.575217681	0
2854	1.575769808	4
2855	1.576321935	1
2856	1.576874062	4
2857	1.577426188	3
2858	1.577978315	0
2859	1.578530442	2
2860	1.579082569	1
2861	1.579634696	0
2862	1.580186822	1
2863	1.580738949	2
2864	1.581291076	0
2865	1.581843203	2
2866	1.582395329	0
2867	1.582947456	3
2868	1.583499583	3
2869	1.58405171	2
2870	1.584603837	2
2871	1.585155963	1
2872	1.58570809	1
2873	1.586260217	0
2874	1.586812344	0
2875	1.58736447	0
2876	1.587916597	0
2877	1.588468724	1
2878	1.589020851	0
2879	1.589572977	0
2880	1.590125104	0
2881	1.590677231	1
2882	1.591229358	1
2883	1.591781485	2
2884	1.592333611	2
2885	1.592885738	1
2886	1.593437865	1
2887	1.593989992	1
2888	1.594542118	1
2889	1.595094245	2
2890	1.595646372	0
2891	1.596198499	1
2892	1.596750626	0
2893	1.597302752	0
2894	1.597854879	2
2895	1.598407006	0
2896	1.598959133	3
2897	1.599511259	0
2898	1.600063386	0
2899	1.600615513	2
2900	1.60116764	4
2901	1.601719766	2
2902	1.602271893	1
2903	1.60282402	1
2904	1.603376147	2
2905	1.603928274	1
2906	1.6044804	3
2907	1.605032527	0
2908	1.605584654	0
2909	1.606136781	1
2910	1.606688907	2
2911	1.607241034	1
2912	1.607793161	0
2913	1.608345288	1
2914	1.608897415	0
2915	1.609449541	1
2916	1.610001668	1
2917	1.610553795	1
2918	1.611105922	2
2919	1.611658048	2
2920	1.612210175	0
2921	1.612762302	0
2922	1.613314429	4
2923	1.613866555	2
2924	1.614418682	0
2925	1.614970809	0
2926	1.615522936	0
2927	1.616075063	1
2928	1.616627189	1
2929	1.617179316	0
2930	1.617731443	0
2931	1.61828357	3
2932	1.618835696	0
2933	1.619387823	1
2934	1.61993995	1
2935	1.620492077	0
2936	1.621044204	1
2937	1.62159633	1
2938	1.622148457	1
2939	1.622700584	0
2940	1.623252711	0
2941	1.623804837	1
2942	1.624356964	0
2943	1.624909091	3
2944	1.625461218	0
2945	1.626013344	1
2946	1.626565471	2
2947	1.627117598	2
2948	1.627669725	0
2949	1.628221852	1
2950	1.628773978	1
2951	1.629326105	0
2952	1.629878232	0
2953	1.630430359	0
2954	1.630982485	0
2955	1.631534612	1
2956	1.632086739	0
2957	1.632638866	1
2958	1.633190992	2
2959	1.633743119	1
2960	1.634295246	0
2961	1.634847373	0
2962	1.6353995	0
2963	1.635951626	2
2964	1.636503753	1
2965	1.63705588	1
2966	1.637608007	1
2967	1.638160133	0
2968	1.63871226	0
2969	1.639264387	1
2970	1.639816514	1
2971	1.640368641	1
2972	1.640920767	1
2973	1.641472894	1
2974	1.642025021	0
2975	1.642577148	0
2976	1.643129274	0
2977	1.643681401	0
2978	1.644233528	2
2979	1.644785655	1
2980	1.645337781	3
2981	1.645889908	1
2982	1.646442035	1
2983	1.646994162	0
2984	1.647546289	0
2985	1.648098415	1
2986	1.648650542	1
2987	1.649202669	1
2988	1.649754796	0
2989	1.650306922	0
2990	1.650859049	1
2991	1.651411176	2
2992	1.651963303	2
2993	1.65251543	0
2994	1.653067556	0
2995	1.653619683	1
2996	1.65417181	0
2997	1.654723937	0
2998	1.655276063	1
2999	1.65582819	0
3000	1.656380317	0
3001	1.656932444	0
3002	1.65748457	0
3003	1.658036697	1
3004	1.658588824	1
3005	1.659140951	0
3006	1.659693078	1
3007	1.660245204	0
3008	1.660797331	1
3009	1.661349458	0
3010	1.661901585	1
3011	1.662453711	3
3012	1.663005838	0
3013	1.663557965	0
3014	1.664110092	1
3015	1.664662219	0
3016	1.665214345	0
3017	1.665766472	0
3018	1.666318599	0
3019	1.666870726	0
3020	1.667422852	0
3021	1.667974979	0
3022	1.668527106	1
3023	1.669079233	0
3024	1.669631359	1
3025	1.670183486	2
3026	1.670735613	0
3027	1.67128774	1
3028	1.671839867	1
3029	1.672391993	1
3030	1.67294412	1
3031	1.673496247	1
3032	1.674048374	0
3033	1.6746005	1
3034	1.675152627	0
3035	1.675704754	0
3036	1.676256881	0
3037	1.676809008	3
3038	1.677361134	0
3039	1.677913261	0
3040	1.678465388	1
3041	1.679017515	3
3042	1.679569641	2
3043	1.680121768	0
3044	1.680673895	1
3045	1.681226022	1
3046	1.681778148	0
3047	1.682330275	1
3048	1.682882402	1
3049	1.683434529	1
3050	1.683986656	0
3051	1.684538782	2
3052	1.685090909	0
3053	1.685643036	0
3054	1.686195163	0
3055	1.686747289	0
3056	1.687299416	0
3057	1.687851543	0
3058	1.68840367	3
3059	1.688955796	1
3060	1.689507923	4
3061	1.69006005	3
3062	1.690612177	0
3063	1.691164304	0
3064	1.69171643	0
3065	1.692268557	1
3066	1.692820684	1
3067	1.693372811	1
3068	1.693924937	0
3069	1.694477064	1
3070	1.695029191	0
3071	1.695581318	0
3072	1.696133445	1
3073	1.696685571	0
3074	1.697237698	0
3075	1.697789825	1
3076	1.698341952	0
3077	1.698894078	1
3078	1.699446205	2
3079	1.699998332	0
3080	1.700550459	0
3081	1.701102585	0
3082	1.701654712	2
3083	1.702206839	1
3084	1.702758966	0
3085	1.703311093	1
3086	1.703863219	0
3087	1.704415346	0
3088	1.704967473	0
3089	1.7055196	0
3090	1.706071726	0
3091	1.706623853	1
3092	1.70717598	2
3093	1.707728107	1
3094	1.708280234	2
3095	1.70883236	3
3096	1.709384487	1
3097	1.709936614	0
3098	1.710488741	1
3099	1.711040867	1
3100	1.711592994	0
3101	1.712145121	1
3102	1.712697248	2
3103	1.713249374	2
3104	1.713801501	1
3105	1.714353628	0
3106	1.714905755	0
3107	1.715457882	2
3108	1.716010008	3
3109	1.716562135	1
3110	1.717114262	0
3111	1.717666389	0
3112	1.718218515	2
3113	1.718770642	0
3114	1.719322769	0
3115	1.719874896	0
3116	1.720427023	2
3117	1.720979149	2
3118	1.721531276	1
3119	1.722083403	0
3120	1.72263553	1
3121	1.723187656	1
3122	1.723739783	1
3123	1.72429191	0
3124	1.724844037	0
3125	1.725396163	0
3126	1.72594829	0
3127	1.726500417	1
3128	1.727052544	0
3129	1.727604671	0
3130	1.728156797	0
3131	1.728708924	0
3132	1.729261051	0
3133	1.729813178	0
3134	1.730365304	0
3135	1.730917431	0
3136	1.731469558	0
3137	1.732021685	2
3138	1.732573812	1
3139	1.733125938	0
3140	1.733678065	1
3141	1.734230192	0
3142	1.734782319	0
3143	1.735334445	0
3144	1.735886572	0
3145	1.736438699	1
3146	1.736990826	3
3147	1.737542952	2
3148	1.738095079	2
3149	1.738647206	0
3150	1.739199333	1
3151	1.73975146	3
3152	1.740303586	0
3153	1.740855713	1
3154	1.74140784	1
3155	1.741959967	1
3156	1.742512093	0
3157	1.74306422	1
3158	1.743616347	1
3159	1.744168474	0
3160	1.744720601	0
3161	1.745272727	0
3162	1.745824854	0
3163	1.746376981	0
3164	1.746929108	1
3165	1.747481234	1
3166	1.748033361	0
3167	1.748585488	1
3168	1.749137615	0
3169	1.749689741	1
3170	1.750241868	2
3171	1.750793995	0
3172	1.751346122	3
3173	1.751898249	0
3174	1.752450375	0
3175	1.753002502	1
3176	1.753554629	1
3177	1.754106756	0
3178	1.754658882	0
3179	1.755211009	1
3180	1.755763136	1
3181	1.756315263	2
3182	1.756867389	0
3183	1.757419516	0
3184	1.757971643	0
3185	1.75852377	0
3186	1.759075897	1
3187	1.759628023	1
3188	1.76018015	0
3189	1.760732277	0
3190	1.761284404	0
3191	1.76183653	2
3192	1.762388657	1
3193	1.762940784	0
3194	1.763492911	0
3195	1.764045038	0
3196	1.764597164	1
3197	1.765149291	1
3198	1.765701418	0
3199	1.766253545	2
3200	1.766805671	0
3201	1.767357798	1
3202	1.767909925	0
3203	1.768462052	0
3204	1.769014178	0
3205	1.769566305	2
3206	1.770118432	1
3207	1.770670559	0
3208	1.771222686	0
3209	1.771774812	0
3210	1.772326939	0
3211	1.772879066	0
3212	1.773431193	0
3213	1.773983319	0
3214	1.774535446	1
3215	1.775087573	0
3216	1.7756397	2
3217	1.776191827	0
3218	1.776743953	1
3219	1.77729608	1
3220	1.777848207	1
3221	1.778400334	0
3222	1.77895246	1
3223	1.779504587	1
3224	1.780056714	0
3225	1.780608841	0
3226	1.781160967	0
3227	1.781713094	0
3228	1.782265221	0
3229	1.782817348	0
3230	1.783369475	0
3231	1.783921601	3
3232	1.784473728	0
3233	1.785025855	0
3234	1.785577982	0
3235	1.786130108	0
3236	1.786682235	1
3237	1.787234362	2
3238	1.787786489	0
3239	1.788338616	0
3240	1.788890742	0
3241	1.789442869	0
3242	1.789994996	0
3243	1.790547123	0
3244	1.791099249	1
3245	1.791651376	1
3246	1.792203503	3
3247	1.79275563	1
3248	1.793307756	1
3249	1.793859883	1
3250	1.79441201	0
3251	1.794964137	0
3252	1.795516264	1
3253	1.79606839	0
3254	1.796620517	1
3255	1.797172644	0
3256	1.797724771	0
3257	1.798276897	1
3258	1.798829024	0
3259	1.799381151	0
3260	1.799933278	0
3261	1.800485405	0
3262	1.801037531	0
3263	1.801589658	2
3264	1.802141785	1
3265	1.802693912	0
3266	1.803246038	1
3267	1.803798165	0
3268	1.804350292	0
3269	1.804902419	0
3270	1.805454545	0
3271	1.806006672	0
3272	1.806558799	0
3273	1.807110926	0
3274	1.807663053	0
3275	1.808215179	1
3276	1.808767306	0
3277	1.809319433	0
3278	1.80987156	0
3279	1.810423686	1
3280	1.810975813	1
3281	1.81152794	1
3282	1.812080067	0
3283	1.812632193	1
3284	1.81318432	0
3285	1.813736447	0
3286	1.814288574	0
3287	1.814840701	0
3288	1.815392827	0
3289	1.815944954	1
3290	1.816497081	0
3291	1.817049208	0
3292	1.817601334	0
3293	1.818153461	0
3294	1.818705588	0
3295	1.819257715	0
3296	1.819809842	1
3297	1.820361968	0
3298	1.820914095	1
3299	1.821466222	0
3300	1.822018349	0
3301	1.822570475	0
3302	1.823122602	0
3303	1.823674729	0
3304	1.824226856	1
3305	1.824778982	0
3306	1.825331109	2
3307	1.825883236	1
3308	1.826435363	0
3309	1.82698749	0
3310	1.827539616	0
3311	1.828091743	1
3312	1.82864387	0
3313	1.829195997	0
3314	1.829748123	0
3315	1.83030025	1
3316	1.830852377	1
3317	1.831404504	1
3318	1.831956631	0
3319	1.832508757	0
3320	1.833060884	1
3321	1.833613011	0
3322	1.834165138	1
3323	1.834717264	0
3324	1.835269391	1
3325	1.835821518	1
3326	1.836373645	0
3327	1.836925771	1
3328	1.837477898	0
3329	1.838030025	1
3330	1.838582152	0
3331	1.839134279	0
3332	1.839686405	0
3333	1.840238532	0
3334	1.840790659	0
3335	1.841342786	1
3336	1.841894912	1
3337	1.842447039	0
3338	1.842999166	1
3339	1.843551293	1
3340	1.84410342	1
3341	1.844655546	0
3342	1.845207673	0
3343	1.8457598	0
3344	1.846311927	0
3345	1.846864053	0
3346	1.84741618	1
3347	1.847968307	0
3348	1.848520434	0
3349	1.84907256	0
3350	1.849624687	0
3351	1.850176814	0
3352	1.850728941	0
3353	1.851281068	0
3354	1.851833194	0
3355	1.852385321	0
3356	1.852937448	0
3357	1.853489575	2
3358	1.854041701	0
3359	1.854593828	1
3360	1.855145955	0
3361	1.855698082	0
3362	1.856250209	0
3363	1.856802335	0
3364	1.857354462	1
3365	1.857906589	0
3366	1.858458716	0
3367	1.859010842	0
3368	1.859562969	1
3369	1.860115096	0
3370	1.860667223	0
3371	1.861219349	0
3372	1.861771476	0
3373	1.862323603	0
3374	1.86287573	3
3375	1.863427857	0
3376	1.863979983	1
3377	1.86453211	0
3378	1.865084237	0
3379	1.865636364	1
3380	1.86618849	1
3381	1.866740617	0
3382	1.867292744	1
3383	1.867844871	0
3384	1.868396997	1
3385	1.868949124	0
3386	1.869501251	0
3387	1.870053378	0
3388	1.870605505	0
3389	1.871157631	0
3390	1.871709758	1
3391	1.872261885	0
3392	1.872814012	0
3393	1.873366138	0
3394	1.873918265	0
3395	1.874470392	0
3396	1.875022519	0
3397	1.875574646	1
3398	1.876126772	0
3399	1.876678899	0
3400	1.877231026	0
3401	1.877783153	0
3402	1.878335279	1
3403	1.878887406	0
3404	1.879439533	0
3405	1.87999166	0
3406	1.880543786	0
3407	1.881095913	1
3408	1.88164804	0
3409	1.882200167	0
3410	1.882752294	0
3411	1.88330442	0
3412	1.883856547	0
3413	1.884408674	0
3414	1.884960801	0
3415	1.885512927	0
3416	1.886065054	1
3417	1.886617181	1
3418	1.887169308	0
3419	1.887721435	0
3420	1.888273561	1
3421	1.888825688	0
3422	1.889377815	0
3423	1.889929942	0
3424	1.890482068	0
3425	1.891034195	1
3426	1.891586322	0
3427	1.892138449	0
3428	1.892690575	1
3429	1.893242702	0
3430	1.893794829	1
3431	1.894346956	0
3432	1.894899083	1
3433	1.895451209	0
3434	1.896003336	1
3435	1.896555463	0
3436	1.89710759	1
3437	1.897659716	0
3438	1.898211843	1
3439	1.89876397	0
3440	1.899316097	0
3441	1.899868224	0
3442	1.90042035	0
3443	1.900972477	0
3444	1.901524604	0
3445	1.902076731	0
3446	1.902628857	0
3447	1.903180984	0
3448	1.903733111	0
3449	1.904285238	0
3450	1.904837364	0
3451	1.905389491	1
3452	1.905941618	0
3453	1.906493745	0
3454	1.907045872	1
3455	1.907597998	0
3456	1.908150125	0
3457	1.908702252	1
3458	1.909254379	0
3459	1.909806505	0
3460	1.910358632	1
3461	1.910910759	1
3462	1.911462886	0
3463	1.912015013	0
3464	1.912567139	0
3465	1.913119266	0
3466	1.913671393	0
3467	1.91422352	2
3468	1.914775646	0
3469	1.915327773	0
3470	1.9158799	1
3471	1.916432027	1
3472	1.916984153	0
3473	1.91753628	0
3474	1.918088407	0
3475	1.918640534	0
3476	1.919192661	0
3477	1.919744787	1
3478	1.920296914	0
3479	1.920849041	0
3480	1.921401168	0
3481	1.921953294	0
3482	1.922505421	0
3483	1.923057548	0
3484	1.923609675	0
3485	1.924161802	0
3486	1.924713928	0
3487	1.925266055	0
3488	1.925818182	0
3489	1.926370309	1
3490	1.926922435	0
3491	1.927474562	0
3492	1.928026689	0
3493	1.928578816	0
3494	1.929130942	1
3495	1.929683069	0
3496	1.930235196	0
3497	1.930787323	2
3498	1.93133945	2
3499	1.931891576	0
3500	1.932443703	0
3501	1.93299583	0
3502	1.933547957	0
3503	1.934100083	0
3504	1.93465221	0
3505	1.935204337	0
3506	1.935756464	3
3507	1.93630859	0
3508	1.936860717	0
3509	1.937412844	0
3510	1.937964971	0
3511	1.938517098	0
3512	1.939069224	0
3513	1.939621351	1
3514	1.940173478	0
3515	1.940725605	0
3516	1.941277731	0
3517	1.941829858	0
3518	1.942381985	0
3519	1.942934112	0
3520	1.943486239	1
3521	1.944038365	0
3522	1.944590492	0
3523	1.945142619	1
3524	1.945694746	0
3525	1.946246872	1
3526	1.946798999	0
3527	1.947351126	0
3528	1.947903253	0
3529	1.948455379	0
3530	1.949007506	0
3531	1.949559633	0
3532	1.95011176	1
3533	1.950663887	0
3534	1.951216013	0
3535	1.95176814	0
3536	1.952320267	0
3537	1.952872394	0
3538	1.95342452	0
3539	1.953976647	2
3540	1.954528774	1
3541	1.955080901	1
3542	1.955633028	0
3543	1.956185154	1
3544	1.956737281	1
3545	1.957289408	0
3546	1.957841535	1
3547	1.958393661	0
3548	1.958945788	0
3549	1.959497915	0
3550	1.960050042	0
3551	1.960602168	0
3552	1.961154295	0
3553	1.961706422	1
3554	1.962258549	1
3555	1.962810676	0
3556	1.963362802	0
3557	1.963914929	1
3558	1.964467056	0
3559	1.965019183	0
3560	1.965571309	1
3561	1.966123436	1
3562	1.966675563	2
3563	1.96722769	0
3564	1.967779817	1
3565	1.968331943	0
3566	1.96888407	0
3567	1.969436197	1
3568	1.969988324	1
3569	1.97054045	0
3570	1.971092577	0
3571	1.971644704	0
3572	1.972196831	0
3573	1.972748957	0
3574	1.973301084	1
3575	1.973853211	1
3576	1.974405338	0
3577	1.974957465	0
3578	1.975509591	0
3579	1.976061718	1
3580	1.976613845	0
3581	1.977165972	0
3582	1.977718098	0
3583	1.978270225	0
3584	1.978822352	1
3585	1.979374479	0
3586	1.979926606	0
3587	1.980478732	0
3588	1.981030859	0
3589	1.981582986	0
3590	1.982135113	0
3591	1.982687239	0
3592	1.983239366	0
3593	1.983791493	0
3594	1.98434362	0
3595	1.984895746	0
3596	1.985447873	0
3597	1.986		0
3598	1.986552127	0
3599	1.987104254	0
3600	1.98765638	0
3601	1.988208507	0
3602	1.988760634	0
3603	1.989312761	0
3604	1.989864887	0
3605	1.990417014	0
3606	1.990969141	0
3607	1.991521268	0
3608	1.992073394	1
3609	1.992625521	0
3610	1.993177648	0
3611	1.993729775	1
3612	1.994281902	0
3613	1.994834028	0
3614	1.995386155	0
3615	1.995938282	1
3616	1.996490409	0
3617	1.997042535	0
3618	1.997594662	0
3619	1.998146789	0
3620	1.998698916	1
3621	1.999251043	1
3622	1.999803169	0
3623	2.000355296	0
3624	2.000907423	1
3625	2.00145955	0
3626	2.002011676	0
3627	2.002563803	0
3628	2.00311593	0
3629	2.003668057	0
3630	2.004220183	1
3631	2.00477231	0
3632	2.005324437	0
3633	2.005876564	0
3634	2.006428691	0
3635	2.006980817	0
3636	2.007532944	0
3637	2.008085071	0
3638	2.008637198	0
3639	2.009189324	0
3640	2.009741451	0
3641	2.010293578	0
3642	2.010845705	0
3643	2.011397832	0
3644	2.011949958	0
3645	2.012502085	0
3646	2.013054212	0
3647	2.013606339	0
3648	2.014158465	0
3649	2.014710592	0
3650	2.015262719	1
3651	2.015814846	0
3652	2.016366972	1
3653	2.016919099	1
3654	2.017471226	0
3655	2.018023353	1
3656	2.01857548	0
3657	2.019127606	0
3658	2.019679733	0
3659	2.02023186	0
3660	2.020783987	0
3661	2.021336113	0
3662	2.02188824	0
3663	2.022440367	1
3664	2.022992494	0
3665	2.023544621	0
3666	2.024096747	0
3667	2.024648874	0
3668	2.025201001	1
3669	2.025753128	0
3670	2.026305254	0
3671	2.026857381	1
3672	2.027409508	0
3673	2.027961635	0
3674	2.028513761	0
3675	2.029065888	1
3676	2.029618015	0
3677	2.030170142	1
3678	2.030722269	0
3679	2.031274395	0
3680	2.031826522	0
3681	2.032378649	0
3682	2.032930776	0
3683	2.033482902	1
3684	2.034035029	1
3685	2.034587156	1
3686	2.035139283	0
3687	2.03569141	0
3688	2.036243536	0
3689	2.036795663	0
3690	2.03734779	0
3691	2.037899917	0
3692	2.038452043	0
3693	2.03900417	0
3694	2.039556297	1
3695	2.040108424	0
3696	2.04066055	0
3697	2.041212677	0
3698	2.041764804	0
3699	2.042316931	1
3700	2.042869058	0
3701	2.043421184	0
3702	2.043973311	0
3703	2.044525438	0
3704	2.045077565	1
3705	2.045629691	0
3706	2.046181818	0
3707	2.046733945	0
3708	2.047286072	0
3709	2.047838198	0
3710	2.048390325	0
3711	2.048942452	0
3712	2.049494579	1
3713	2.050046706	0
3714	2.050598832	1
3715	2.051150959	1
3716	2.051703086	0
3717	2.052255213	1
3718	2.052807339	0
3719	2.053359466	0
3720	2.053911593	0
3721	2.05446372	0
3722	2.055015847	2
3723	2.055567973	0
3724	2.0561201	3
3725	2.056672227	0
3726	2.057224354	0
3727	2.05777648	0
3728	2.058328607	0
3729	2.058880734	1
3730	2.059432861	0
3731	2.059984987	1
3732	2.060537114	0
3733	2.061089241	1
3734	2.061641368	0
3735	2.062193495	0
3736	2.062745621	0
3737	2.063297748	0
3738	2.063849875	0
3739	2.064402002	0
3740	2.064954128	0
3741	2.065506255	0
3742	2.066058382	0
3743	2.066610509	1
3744	2.067162636	0
3745	2.067714762	0
3746	2.068266889	0
3747	2.068819016	0
3748	2.069371143	0
3749	2.069923269	1
3750	2.070475396	0
3751	2.071027523	0
3752	2.07157965	0
3753	2.072131776	0
3754	2.072683903	2
3755	2.07323603	0
3756	2.073788157	0
3757	2.074340284	0
3758	2.07489241	0
3759	2.075444537	0
3760	2.075996664	0
3761	2.076548791	0
3762	2.077100917	0
3763	2.077653044	0
3764	2.078205171	0
3765	2.078757298	0
3766	2.079309425	0
3767	2.079861551	0
3768	2.080413678	0
3769	2.080965805	0
3770	2.081517932	0
3771	2.082070058	0
3772	2.082622185	0
3773	2.083174312	0
3774	2.083726439	2
3775	2.084278565	0
3776	2.084830692	0
3777	2.085382819	0
3778	2.085934946	0
3779	2.086487073	0
3780	2.087039199	0
3781	2.087591326	0
3782	2.088143453	0
3783	2.08869558	0
3784	2.089247706	0
3785	2.089799833	0
3786	2.09035196	0
3787	2.090904087	0
3788	2.091456214	0
3789	2.09200834	0
3790	2.092560467	1
3791	2.093112594	0
3792	2.093664721	0
3793	2.094216847	0
3794	2.094768974	0
3795	2.095321101	0
3796	2.095873228	1
3797	2.096425354	0
3798	2.096977481	1
3799	2.097529608	0
3800	2.098081735	1
3801	2.098633862	0
3802	2.099185988	1
3803	2.099738115	0
3804	2.100290242	0
3805	2.100842369	0
3806	2.101394495	0
3807	2.101946622	0
3808	2.102498749	0
3809	2.103050876	0
3810	2.103603003	0
3811	2.104155129	0
3812	2.104707256	0
3813	2.105259383	1
3814	2.10581151	0
3815	2.106363636	0
3816	2.106915763	1
3817	2.10746789	0
3818	2.108020017	0
3819	2.108572143	0
3820	2.10912427	0
3821	2.109676397	0
3822	2.110228524	0
3823	2.110780651	0
3824	2.111332777	0
3825	2.111884904	0
3826	2.112437031	0
3827	2.112989158	0
3828	2.113541284	0
3829	2.114093411	0
3830	2.114645538	0
3831	2.115197665	0
3832	2.115749791	0
3833	2.116301918	0
3834	2.116854045	0
3835	2.117406172	0
3836	2.117958299	0
3837	2.118510425	1
3838	2.119062552	0
3839	2.119614679	0
3840	2.120166806	0
3841	2.120718932	1
3842	2.121271059	0
3843	2.121823186	0
3844	2.122375313	0
3845	2.12292744	1
3846	2.123479566	0
3847	2.124031693	0
3848	2.12458382	0
3849	2.125135947	0
3850	2.125688073	0
3851	2.1262402	0
3852	2.126792327	0
3853	2.127344454	0
3854	2.12789658	0
3855	2.128448707	0
3856	2.129000834	0
3857	2.129552961	0
3858	2.130105088	0
3859	2.130657214	0
3860	2.131209341	0
3861	2.131761468	0
3862	2.132313595	0
3863	2.132865721	0
3864	2.133417848	0
3865	2.133969975	0
3866	2.134522102	0
3867	2.135074229	0
3868	2.135626355	0
3869	2.136178482	1
3870	2.136730609	0
3871	2.137282736	0
3872	2.137834862	0
3873	2.138386989	0
3874	2.138939116	0
3875	2.139491243	0
3876	2.140043369	0
3877	2.140595496	0
3878	2.141147623	0
3879	2.14169975	0
3880	2.142251877	0
3881	2.142804003	0
3882	2.14335613	0
3883	2.143908257	0
3884	2.144460384	1
3885	2.14501251	0
3886	2.145564637	0
3887	2.146116764	0
3888	2.146668891	0
3889	2.147221018	0
3890	2.147773144	0
3891	2.148325271	0
3892	2.148877398	0
3893	2.149429525	0
3894	2.149981651	0
3895	2.150533778	0
3896	2.151085905	0
3897	2.151638032	0
3898	2.152190158	0
3899	2.152742285	0
3900	2.153294412	0
3901	2.153846539	1
3902	2.154398666	0
3903	2.154950792	0
3904	2.155502919	1
3905	2.156055046	0
3906	2.156607173	0
3907	2.157159299	1
3908	2.157711426	0
3909	2.158263553	0
3910	2.15881568	0
3911	2.159367807	0
3912	2.159919933	0
3913	2.16047206	1
3914	2.161024187	0
3915	2.161576314	0
3916	2.16212844	0
3917	2.162680567	0
3918	2.163232694	0
3919	2.163784821	0
3920	2.164336947	0
3921	2.164889074	0
3922	2.165441201	0
3923	2.165993328	1
3924	2.166545455	0
3925	2.167097581	0
3926	2.167649708	0
3927	2.168201835	0
3928	2.168753962	0
3929	2.169306088	0
3930	2.169858215	0
3931	2.170410342	0
3932	2.170962469	0
3933	2.171514595	0
3934	2.172066722	0
3935	2.172618849	1
3936	2.173170976	0
3937	2.173723103	0
3938	2.174275229	0
3939	2.174827356	0
3940	2.175379483	0
3941	2.17593161	0
3942	2.176483736	0
3943	2.177035863	0
3944	2.17758799	0
3945	2.178140117	1
3946	2.178692244	0
3947	2.17924437	0
3948	2.179796497	1
3949	2.180348624	0
3950	2.180900751	0
3951	2.181452877	0
3952	2.182005004	1
3953	2.182557131	0
3954	2.183109258	0
3955	2.183661384	0
3956	2.184213511	0
3957	2.184765638	0
3958	2.185317765	0
3959	2.185869892	0
3960	2.186422018	0
3961	2.186974145	0
3962	2.187526272	0
3963	2.188078399	0
3964	2.188630525	0
3965	2.189182652	0
3966	2.189734779	0
3967	2.190286906	0
3968	2.190839033	0
3969	2.191391159	0
3970	2.191943286	0
3971	2.192495413	0
3972	2.19304754	0
3973	2.193599666	0
3974	2.194151793	0
3975	2.19470392	0
3976	2.195256047	0
3977	2.195808173	0
3978	2.1963603	0
3979	2.196912427	0
3980	2.197464554	1
3981	2.198016681	0
3982	2.198568807	0
3983	2.199120934	0
3984	2.199673061	0
3985	2.200225188	1
3986	2.200777314	1
3987	2.201329441	0
3988	2.201881568	0
3989	2.202433695	0
3990	2.202985822	0
3991	2.203537948	0
3992	2.204090075	0
3993	2.204642202	0
3994	2.205194329	0
3995	2.205746455	0
3996	2.206298582	0
3997	2.206850709	0
3998	2.207402836	0
3999	2.207954962	0
4000	2.208507089	0
4001	2.209059216	0
4002	2.209611343	0
4003	2.21016347	0
4004	2.210715596	0
4005	2.211267723	0
4006	2.21181985	0
4007	2.212371977	0
4008	2.212924103	0
4009	2.21347623	0
4010	2.214028357	1
4011	2.214580484	0
4012	2.215132611	0
4013	2.215684737	0
4014	2.216236864	0
4015	2.216788991	0
4016	2.217341118	0
4017	2.217893244	0
4018	2.218445371	0
4019	2.218997498	0
4020	2.219549625	0
4021	2.220101751	0
4022	2.220653878	0
4023	2.221206005	0
4024	2.221758132	0
4025	2.222310259	0
4026	2.222862385	0
4027	2.223414512	0
4028	2.223966639	0
4029	2.224518766	0
4030	2.225070892	0
4031	2.225623019	1
4032	2.226175146	0
4033	2.226727273	0
4034	2.227279399	0
4035	2.227831526	0
4036	2.228383653	0
4037	2.22893578	0
4038	2.229487907	0
4039	2.230040033	0
4040	2.23059216	0
4041	2.231144287	0
4042	2.231696414	0
4043	2.23224854	0
4044	2.232800667	0
4045	2.233352794	0
4046	2.233904921	0
4047	2.234457048	0
4048	2.235009174	1
4049	2.235561301	0
4050	2.236113428	0
4051	2.236665555	0
4052	2.237217681	0
4053	2.237769808	0
4054	2.238321935	0
4055	2.238874062	0
4056	2.239426188	0
4057	2.239978315	0
4058	2.240530442	0
4059	2.241082569	1
4060	2.241634696	0
4061	2.242186822	1
4062	2.242738949	0
4063	2.243291076	0
4064	2.243843203	0
4065	2.244395329	0
4066	2.244947456	0
4067	2.245499583	0
4068	2.24605171	0
4069	2.246603837	0
4070	2.247155963	0
4071	2.24770809	1
4072	2.248260217	0
4073	2.248812344	0
4074	2.24936447	0
4075	2.249916597	0
4076	2.250468724	0
4077	2.251020851	0
4078	2.251572977	0
4079	2.252125104	0
4080	2.252677231	0
4081	2.253229358	0
4082	2.253781485	1
4083	2.254333611	0
4084	2.254885738	1
4085	2.255437865	0
4086	2.255989992	0
4087	2.256542118	0
4088	2.257094245	0
4089	2.257646372	1
4090	2.258198499	0
4091	2.258750626	0
4092	2.259302752	1
4093	2.259854879	0
4094	2.260407006	0
4095	2.260959133	0
