0	0	0
1	5.52E-04	0
2	0.001104254	0
3	0.00165638	0
4	0.002208507	0
5	0.002760634	0
6	0.003312761	0
7	0.003864887	0
8	0.004417014	0
9	0.004969141	0
10	0.005521268	0
11	0.006073394	0
12	0.006625521	0
13	0.007177648	0
14	0.007729775	0
15	0.008281902	1
16	0.008834028	0
17	0.009386155	1
18	0.009938282	6
19	0.010490409	1
20	0.011042535	0
21	0.011594662	5
22	0.012146789	4
23	0.012698916	3
24	0.013251043	7
25	0.013803169	20
26	0.014355296	26
27	0.014907423	30
28	0.01545955	64
29	0.016011676	162
30	0.016563803	431
31	0.01711593	678
32	0.017668057	815
33	0.018220183	641
34	0.01877231	562
35	0.019324437	554
36	0.019876564	7627
37	0.020428691	18510
38	0.020980817	254
39	0.021532944	251
40	0.022085071	257
41	0.022637198	317
42	0.023189324	350
43	0.023741451	330
44	0.024293578	338
45	0.024845705	343
46	0.025397832	289
47	0.025949958	297
48	0.026502085	239
49	0.027054212	217
50	0.027606339	195
51	0.028158465	150
52	0.028710592	148
53	0.029262719	112
54	0.029814846	114
55	0.030366972	71
56	0.030919099	79
57	0.031471226	78
58	0.032023353	69
59	0.03257548	66
60	0.033127606	56
61	0.033679733	65
62	0.03423186	54
63	0.034783987	50
64	0.035336113	67
65	0.03588824	70
66	0.036440367	53
67	0.036992494	71
68	0.037544621	59
69	0.038096747	61
70	0.038648874	64
71	0.039201001	61
72	0.039753128	74
73	0.040305254	62
74	0.040857381	67
75	0.041409508	59
76	0.041961635	66
77	0.042513761	62
78	0.043065888	65
79	0.043618015	60
80	0.044170142	48
81	0.044722269	57
82	0.045274395	65
83	0.045826522	59
84	0.046378649	56
85	0.046930776	59
86	0.047482902	67
87	0.048035029	62
88	0.048587156	61
89	0.049139283	62
90	0.04969141	70
91	0.050243536	77
92	0.050795663	57
93	0.05134779	68
94	0.051899917	68
95	0.052452043	73
96	0.05300417	70
97	0.053556297	55
98	0.054108424	84
99	0.05466055	83
100	0.055212677	84
101	0.055764804	81
102	0.056316931	76
103	0.056869058	60
104	0.057421184	72
105	0.057973311	79
106	0.058525438	65
107	0.059077565	69
108	0.059629691	57
109	0.060181818	67
110	0.060733945	79
111	0.061286072	76
112	0.061838198	66
113	0.062390325	69
114	0.062942452	83
115	0.063494579	90
116	0.064046706	71
117	0.064598832	88
118	0.065150959	76
119	0.065703086	75
120	0.066255213	77
121	0.066807339	87
122	0.067359466	78
123	0.067911593	63
124	0.06846372	80
125	0.069015847	77
126	0.069567973	87
127	0.0701201	90
128	0.070672227	98
129	0.071224354	89
130	0.07177648	74
131	0.072328607	82
132	0.072880734	89
133	0.073432861	94
134	0.073984987	73
135	0.074537114	85
136	0.075089241	77
137	0.075641368	92
138	0.076193495	95
139	0.076745621	91
140	0.077297748	83
141	0.077849875	87
142	0.078402002	100
143	0.078954128	69
144	0.079506255	78
145	0.080058382	84
146	0.080610509	80
147	0.081162636	84
148	0.081714762	88
149	0.082266889	99
150	0.082819016	99
151	0.083371143	85
152	0.083923269	78
153	0.084475396	95
154	0.085027523	86
155	0.08557965	105
156	0.086131776	81
157	0.086683903	107
158	0.08723603	70
159	0.087788157	78
160	0.088340284	88
161	0.08889241	81
162	0.089444537	86
163	0.089996664	79
164	0.090548791	76
165	0.091100917	80
166	0.091653044	92
167	0.092205171	86
168	0.092757298	74
169	0.093309425	77
170	0.093861551	78
171	0.094413678	79
172	0.094965805	82
173	0.095517932	79
174	0.096070058	86
175	0.096622185	88
176	0.097174312	67
177	0.097726439	84
178	0.098278565	95
179	0.098830692	71
180	0.099382819	88
181	0.099934946	95
182	0.100487073	85
183	0.101039199	79
184	0.101591326	86
185	0.102143453	81
186	0.10269558	81
187	0.103247706	90
188	0.103799833	81
189	0.10435196	88
190	0.104904087	93
191	0.105456214	82
192	0.10600834	82
193	0.106560467	88
194	0.107112594	87
195	0.107664721	76
196	0.108216847	82
197	0.108768974	84
198	0.109321101	78
199	0.109873228	96
200	0.110425354	72
201	0.110977481	90
202	0.111529608	90
203	0.112081735	75
204	0.112633862	78
205	0.113185988	90
206	0.113738115	91
207	0.114290242	85
208	0.114842369	98
209	0.115394495	86
210	0.115946622	78
211	0.116498749	91
212	0.117050876	69
213	0.117603003	78
214	0.118155129	79
215	0.118707256	102
216	0.119259383	72
217	0.11981151	84
218	0.120363636	72
219	0.120915763	86
220	0.12146789	72
221	0.122020017	80
222	0.122572143	69
223	0.12312427	100
224	0.123676397	76
225	0.124228524	85
226	0.124780651	82
227	0.125332777	90
228	0.125884904	85
229	0.126437031	80
230	0.126989158	76
231	0.127541284	82
232	0.128093411	81
233	0.128645538	93
234	0.129197665	88
235	0.129749791	82
236	0.130301918	84
237	0.130854045	74
238	0.131406172	90
239	0.131958299	86
240	0.132510425	76
241	0.133062552	75
242	0.133614679	73
243	0.134166806	84
244	0.134718932	78
245	0.135271059	86
246	0.135823186	86
247	0.136375313	76
248	0.13692744	70
249	0.137479566	61
250	0.138031693	77
251	0.13858382	79
252	0.139135947	75
253	0.139688073	83
254	0.1402402	91
255	0.140792327	78
256	0.141344454	81
257	0.14189658	79
258	0.142448707	95
259	0.143000834	85
260	0.143552961	84
261	0.144105088	69
262	0.144657214	79
263	0.145209341	85
264	0.145761468	76
265	0.146313595	83
266	0.146865721	71
267	0.147417848	63
268	0.147969975	75
269	0.148522102	85
270	0.149074229	91
271	0.149626355	67
272	0.150178482	66
273	0.150730609	88
274	0.151282736	86
275	0.151834862	72
276	0.152386989	77
277	0.152939116	83
278	0.153491243	69
279	0.154043369	94
280	0.154595496	66
281	0.155147623	55
282	0.15569975	81
283	0.156251877	90
284	0.156804003	85
285	0.15735613	82
286	0.157908257	91
287	0.158460384	67
288	0.15901251	78
289	0.159564637	99
290	0.160116764	60
291	0.160668891	89
292	0.161221018	71
293	0.161773144	79
294	0.162325271	82
295	0.162877398	64
296	0.163429525	81
297	0.163981651	84
298	0.164533778	60
299	0.165085905	94
300	0.165638032	81
301	0.166190158	91
302	0.166742285	77
303	0.167294412	105
304	0.167846539	88
305	0.168398666	74
306	0.168950792	79
307	0.169502919	76
308	0.170055046	72
309	0.170607173	75
310	0.171159299	82
311	0.171711426	68
312	0.172263553	82
313	0.17281568	69
314	0.173367807	68
315	0.173919933	81
316	0.17447206	90
317	0.175024187	73
318	0.175576314	81
319	0.17612844	84
320	0.176680567	74
321	0.177232694	69
322	0.177784821	90
323	0.178336947	66
324	0.178889074	89
325	0.179441201	81
326	0.179993328	91
327	0.180545455	90
328	0.181097581	75
329	0.181649708	86
330	0.182201835	76
331	0.182753962	95
332	0.183306088	95
333	0.183858215	82
334	0.184410342	95
335	0.184962469	92
336	0.185514595	78
337	0.186066722	73
338	0.186618849	80
339	0.187170976	88
340	0.187723103	86
341	0.188275229	76
342	0.188827356	80
343	0.189379483	92
344	0.18993161	94
345	0.190483736	76
346	0.191035863	82
347	0.19158799	97
348	0.192140117	81
349	0.192692244	70
350	0.19324437	80
351	0.193796497	88
352	0.194348624	95
353	0.194900751	75
354	0.195452877	67
355	0.196005004	86
356	0.196557131	76
357	0.197109258	94
358	0.197661384	77
359	0.198213511	79
360	0.198765638	87
361	0.199317765	72
362	0.199869892	70
363	0.200422018	66
364	0.200974145	64
365	0.201526272	78
366	0.202078399	81
367	0.202630525	75
368	0.203182652	82
369	0.203734779	82
370	0.204286906	73
371	0.204839033	87
372	0.205391159	74
373	0.205943286	63
374	0.206495413	78
375	0.20704754	78
376	0.207599666	72
377	0.208151793	86
378	0.20870392	50
379	0.209256047	60
380	0.209808173	70
381	0.2103603	75
382	0.210912427	69
383	0.211464554	64
384	0.212016681	78
385	0.212568807	61
386	0.213120934	65
387	0.213673061	60
388	0.214225188	64
389	0.214777314	66
390	0.215329441	65
391	0.215881568	74
392	0.216433695	62
393	0.216985822	59
394	0.217537948	61
395	0.218090075	50
396	0.218642202	81
397	0.219194329	62
398	0.219746455	71
399	0.220298582	63
400	0.220850709	64
401	0.221402836	69
402	0.221954962	64
403	0.222507089	66
404	0.223059216	67
405	0.223611343	65
406	0.22416347	61
407	0.224715596	62
408	0.225267723	76
409	0.22581985	76
410	0.226371977	74
411	0.226924103	61
412	0.22747623	61
413	0.228028357	64
414	0.228580484	63
415	0.229132611	61
416	0.229684737	66
417	0.230236864	75
418	0.230788991	72
419	0.231341118	74
420	0.231893244	60
421	0.232445371	58
422	0.232997498	55
423	0.233549625	70
424	0.234101751	52
425	0.234653878	58
426	0.235206005	56
427	0.235758132	67
428	0.236310259	57
429	0.236862385	56
430	0.237414512	62
431	0.237966639	61
432	0.238518766	79
433	0.239070892	69
434	0.239623019	74
435	0.240175146	67
436	0.240727273	69
437	0.241279399	69
438	0.241831526	64
439	0.242383653	63
440	0.24293578	52
441	0.243487907	60
442	0.244040033	75
443	0.24459216	58
444	0.245144287	58
445	0.245696414	61
446	0.24624854	54
447	0.246800667	69
448	0.247352794	71
449	0.247904921	71
450	0.248457048	65
451	0.249009174	64
452	0.249561301	64
453	0.250113428	65
454	0.250665555	54
455	0.251217681	67
456	0.251769808	66
457	0.252321935	59
458	0.252874062	63
459	0.253426188	68
460	0.253978315	62
461	0.254530442	73
462	0.255082569	64
463	0.255634696	72
464	0.256186822	56
465	0.256738949	55
466	0.257291076	67
467	0.257843203	72
468	0.258395329	66
469	0.258947456	65
470	0.259499583	63
471	0.26005171	65
472	0.260603837	54
473	0.261155963	63
474	0.26170809	66
475	0.262260217	70
476	0.262812344	68
477	0.26336447	60
478	0.263916597	77
479	0.264468724	65
480	0.265020851	62
481	0.265572977	55
482	0.266125104	55
483	0.266677231	52
484	0.267229358	67
485	0.267781485	60
486	0.268333611	56
487	0.268885738	47
488	0.269437865	50
489	0.269989992	76
490	0.270542118	73
491	0.271094245	57
492	0.271646372	66
493	0.272198499	44
494	0.272750626	65
495	0.273302752	67
496	0.273854879	65
497	0.274407006	65
498	0.274959133	51
499	0.275511259	67
500	0.276063386	51
501	0.276615513	56
502	0.27716764	56
503	0.277719766	68
504	0.278271893	47
505	0.27882402	61
506	0.279376147	57
507	0.279928274	61
508	0.2804804	57
509	0.281032527	62
510	0.281584654	40
511	0.282136781	45
512	0.282688907	66
513	0.283241034	72
514	0.283793161	65
515	0.284345288	62
516	0.284897415	67
517	0.285449541	62
518	0.286001668	54
519	0.286553795	59
520	0.287105922	55
521	0.287658048	56
522	0.288210175	41
523	0.288762302	54
524	0.289314429	47
525	0.289866555	36
526	0.290418682	59
527	0.290970809	48
528	0.291522936	57
529	0.292075063	67
530	0.292627189	53
531	0.293179316	69
532	0.293731443	51
533	0.29428357	54
534	0.294835696	59
535	0.295387823	60
536	0.29593995	54
537	0.296492077	51
538	0.297044204	52
539	0.29759633	47
540	0.298148457	46
541	0.298700584	63
542	0.299252711	46
543	0.299804837	45
544	0.300356964	51
545	0.300909091	45
546	0.301461218	63
547	0.302013344	49
548	0.302565471	54
549	0.303117598	54
550	0.303669725	58
551	0.304221852	58
552	0.304773978	50
553	0.305326105	42
554	0.305878232	57
555	0.306430359	50
556	0.306982485	51
557	0.307534612	59
558	0.308086739	66
559	0.308638866	49
560	0.309190992	57
561	0.309743119	57
562	0.310295246	56
563	0.310847373	60
564	0.3113995	52
565	0.311951626	57
566	0.312503753	40
567	0.31305588	45
568	0.313608007	46
569	0.314160133	57
570	0.31471226	47
571	0.315264387	61
572	0.315816514	53
573	0.316368641	46
574	0.316920767	50
575	0.317472894	39
576	0.318025021	32
577	0.318577148	41
578	0.319129274	36
579	0.319681401	44
580	0.320233528	45
581	0.320785655	45
582	0.321337781	60
583	0.321889908	40
584	0.322442035	39
585	0.322994162	53
586	0.323546289	44
587	0.324098415	35
588	0.324650542	52
589	0.325202669	39
590	0.325754796	53
591	0.326306922	47
592	0.326859049	51
593	0.327411176	48
594	0.327963303	44
595	0.32851543	48
596	0.329067556	55
597	0.329619683	63
598	0.33017181	48
599	0.330723937	45
600	0.331276063	36
601	0.33182819	46
602	0.332380317	40
603	0.332932444	50
604	0.33348457	53
605	0.334036697	35
606	0.334588824	45
607	0.335140951	43
608	0.335693078	43
609	0.336245204	49
610	0.336797331	51
611	0.337349458	57
612	0.337901585	45
613	0.338453711	36
614	0.339005838	50
615	0.339557965	55
616	0.340110092	33
617	0.340662219	52
618	0.341214345	38
619	0.341766472	49
620	0.342318599	42
621	0.342870726	50
622	0.343422852	50
623	0.343974979	44
624	0.344527106	50
625	0.345079233	67
626	0.345631359	60
627	0.346183486	49
628	0.346735613	51
629	0.34728774	41
630	0.347839867	39
631	0.348391993	34
632	0.34894412	45
633	0.349496247	43
634	0.350048374	39
635	0.3506005	41
636	0.351152627	48
637	0.351704754	50
638	0.352256881	40
639	0.352809008	55
640	0.353361134	47
641	0.353913261	38
642	0.354465388	42
643	0.355017515	59
644	0.355569641	46
645	0.356121768	56
646	0.356673895	49
647	0.357226022	47
648	0.357778148	44
649	0.358330275	49
650	0.358882402	49
651	0.359434529	46
652	0.359986656	49
653	0.360538782	48
654	0.361090909	52
655	0.361643036	40
656	0.362195163	35
657	0.362747289	40
658	0.363299416	36
659	0.363851543	46
660	0.36440367	45
661	0.364955796	27
662	0.365507923	39
663	0.36606005	49
664	0.366612177	40
665	0.367164304	39
666	0.36771643	32
667	0.368268557	49
668	0.368820684	47
669	0.369372811	38
670	0.369924937	41
671	0.370477064	50
672	0.371029191	42
673	0.371581318	45
674	0.372133445	51
675	0.372685571	52
676	0.373237698	45
677	0.373789825	46
678	0.374341952	43
679	0.374894078	46
680	0.375446205	40
681	0.375998332	54
682	0.376550459	40
683	0.377102585	39
684	0.377654712	47
685	0.378206839	56
686	0.378758966	40
687	0.379311093	52
688	0.379863219	42
689	0.380415346	42
690	0.380967473	52
691	0.3815196	39
692	0.382071726	41
693	0.382623853	42
694	0.38317598	40
695	0.383728107	41
696	0.384280234	50
697	0.38483236	52
698	0.385384487	36
699	0.385936614	36
700	0.386488741	39
701	0.387040867	44
702	0.387592994	38
703	0.388145121	40
704	0.388697248	63
705	0.389249374	43
706	0.389801501	40
707	0.390353628	32
708	0.390905755	40
709	0.391457882	49
710	0.392010008	51
711	0.392562135	46
712	0.393114262	46
713	0.393666389	54
714	0.394218515	42
715	0.394770642	44
716	0.395322769	38
717	0.395874896	40
718	0.396427023	49
719	0.396979149	41
720	0.397531276	47
721	0.398083403	32
722	0.39863553	47
723	0.399187656	40
724	0.399739783	44
725	0.40029191	38
726	0.400844037	39
727	0.401396163	45
728	0.40194829	43
729	0.402500417	46
730	0.403052544	42
731	0.403604671	46
732	0.404156797	52
733	0.404708924	35
734	0.405261051	45
735	0.405813178	35
736	0.406365304	37
737	0.406917431	45
738	0.407469558	49
739	0.408021685	43
740	0.408573812	36
741	0.409125938	58
742	0.409678065	44
743	0.410230192	37
744	0.410782319	44
745	0.411334445	43
746	0.411886572	33
747	0.412438699	37
748	0.412990826	35
749	0.413542952	35
750	0.414095079	42
751	0.414647206	50
752	0.415199333	33
753	0.41575146	41
754	0.416303586	39
755	0.416855713	41
756	0.41740784	34
757	0.417959967	31
758	0.418512093	42
759	0.41906422	41
760	0.419616347	41
761	0.420168474	34
762	0.420720601	46
763	0.421272727	43
764	0.421824854	30
765	0.422376981	39
766	0.422929108	37
767	0.423481234	46
768	0.424033361	35
769	0.424585488	33
770	0.425137615	35
771	0.425689741	32
772	0.426241868	45
773	0.426793995	44
774	0.427346122	48
775	0.427898249	34
776	0.428450375	40
777	0.429002502	40
778	0.429554629	38
779	0.430106756	39
780	0.430658882	44
781	0.431211009	28
782	0.431763136	36
783	0.432315263	40
784	0.432867389	34
785	0.433419516	35
786	0.433971643	38
787	0.43452377	34
788	0.435075897	39
789	0.435628023	35
790	0.43618015	47
791	0.436732277	34
792	0.437284404	40
793	0.43783653	39
794	0.438388657	43
795	0.438940784	40
796	0.439492911	26
797	0.440045038	41
798	0.440597164	33
799	0.441149291	34
800	0.441701418	39
801	0.442253545	45
802	0.442805671	35
803	0.443357798	36
804	0.443909925	33
805	0.444462052	36
806	0.445014178	28
807	0.445566305	45
808	0.446118432	31
809	0.446670559	32
810	0.447222686	26
811	0.447774812	39
812	0.448326939	35
813	0.448879066	33
814	0.449431193	37
815	0.449983319	29
816	0.450535446	28
817	0.451087573	34
818	0.4516397	43
819	0.452191827	31
820	0.452743953	28
821	0.45329608	21
822	0.453848207	32
823	0.454400334	41
824	0.45495246	30
825	0.455504587	34
826	0.456056714	30
827	0.456608841	33
828	0.457160967	42
829	0.457713094	33
830	0.458265221	34
831	0.458817348	37
832	0.459369475	28
833	0.459921601	33
834	0.460473728	32
835	0.461025855	32
836	0.461577982	23
837	0.462130108	27
838	0.462682235	30
839	0.463234362	21
840	0.463786489	35
841	0.464338616	30
842	0.464890742	33
843	0.465442869	42
844	0.465994996	36
845	0.466547123	29
846	0.467099249	35
847	0.467651376	28
848	0.468203503	29
849	0.46875563	25
850	0.469307756	28
851	0.469859883	24
852	0.47041201	28
853	0.470964137	25
854	0.471516264	35
855	0.47206839	32
856	0.472620517	32
857	0.473172644	26
858	0.473724771	30
859	0.474276897	31
860	0.474829024	25
861	0.475381151	22
862	0.475933278	26
863	0.476485405	32
864	0.477037531	24
865	0.477589658	19
866	0.478141785	23
867	0.478693912	22
868	0.479246038	27
869	0.479798165	16
870	0.480350292	14
871	0.480902419	27
872	0.481454545	31
873	0.482006672	34
874	0.482558799	22
875	0.483110926	25
876	0.483663053	23
877	0.484215179	16
878	0.484767306	23
879	0.485319433	17
880	0.48587156	22
881	0.486423686	25
882	0.486975813	24
883	0.48752794	16
884	0.488080067	25
885	0.488632193	16
886	0.48918432	20
887	0.489736447	14
888	0.490288574	22
889	0.490840701	25
890	0.491392827	23
891	0.491944954	23
892	0.492497081	21
893	0.493049208	20
894	0.493601334	14
895	0.494153461	22
896	0.494705588	15
897	0.495257715	20
898	0.495809842	20
899	0.496361968	27
900	0.496914095	15
901	0.497466222	17
902	0.498018349	24
903	0.498570475	23
904	0.499122602	29
905	0.499674729	22
906	0.500226856	27
907	0.500778982	16
908	0.501331109	21
909	0.501883236	19
910	0.502435363	22
911	0.50298749	17
912	0.503539616	21
913	0.504091743	23
914	0.50464387	16
915	0.505195997	18
916	0.505748123	11
917	0.50630025	24
918	0.506852377	16
919	0.507404504	13
920	0.507956631	12
921	0.508508757	11
922	0.509060884	11
923	0.509613011	20
924	0.510165138	14
925	0.510717264	21
926	0.511269391	14
927	0.511821518	18
928	0.512373645	19
929	0.512925771	19
930	0.513477898	16
931	0.514030025	12
932	0.514582152	22
933	0.515134279	19
934	0.515686405	12
935	0.516238532	14
936	0.516790659	10
937	0.517342786	21
938	0.517894912	16
939	0.518447039	19
940	0.518999166	14
941	0.519551293	14
942	0.52010342	12
943	0.520655546	12
944	0.521207673	13
945	0.5217598	13
946	0.522311927	9
947	0.522864053	13
948	0.52341618	11
949	0.523968307	12
950	0.524520434	18
951	0.52507256	13
952	0.525624687	11
953	0.526176814	13
954	0.526728941	16
955	0.527281068	13
956	0.527833194	20
957	0.528385321	12
958	0.528937448	11
959	0.529489575	10
960	0.530041701	12
961	0.530593828	11
962	0.531145955	16
963	0.531698082	9
964	0.532250209	11
965	0.532802335	15
966	0.533354462	17
967	0.533906589	14
968	0.534458716	16
969	0.535010842	6
970	0.535562969	8
971	0.536115096	10
972	0.536667223	11
973	0.537219349	15
974	0.537771476	16
975	0.538323603	19
976	0.53887573	11
977	0.539427857	8
978	0.539979983	12
979	0.54053211	15
980	0.541084237	12
981	0.541636364	15
982	0.54218849	15
983	0.542740617	10
984	0.543292744	11
985	0.543844871	12
986	0.544396997	11
987	0.544949124	15
988	0.545501251	11
989	0.546053378	19
990	0.546605505	12
991	0.547157631	12
992	0.547709758	15
993	0.548261885	14
994	0.548814012	14
995	0.549366138	14
996	0.549918265	9
997	0.550470392	7
998	0.551022519	14
999	0.551574646	9
1000	0.552126772	10
1001	0.552678899	9
1002	0.553231026	14
1003	0.553783153	11
1004	0.554335279	12
1005	0.554887406	14
1006	0.555439533	8
1007	0.55599166	13
1008	0.556543786	18
1009	0.557095913	13
1010	0.55764804	13
1011	0.558200167	11
1012	0.558752294	12
1013	0.55930442	13
1014	0.559856547	7
1015	0.560408674	7
1016	0.560960801	10
1017	0.561512927	8
1018	0.562065054	16
1019	0.562617181	10
1020	0.563169308	14
1021	0.563721435	13
1022	0.564273561	13
1023	0.564825688	12
1024	0.565377815	8
1025	0.565929942	13
1026	0.566482068	9
1027	0.567034195	13
1028	0.567586322	16
1029	0.568138449	6
1030	0.568690575	13
1031	0.569242702	12
1032	0.569794829	10
1033	0.570346956	14
1034	0.570899083	15
1035	0.571451209	14
1036	0.572003336	12
1037	0.572555463	12
1038	0.57310759	15
1039	0.573659716	7
1040	0.574211843	16
1041	0.57476397	15
1042	0.575316097	13
1043	0.575868224	8
1044	0.57642035	12
1045	0.576972477	13
1046	0.577524604	9
1047	0.578076731	9
1048	0.578628857	14
1049	0.579180984	14
1050	0.579733111	11
1051	0.580285238	11
1052	0.580837364	16
1053	0.581389491	10
1054	0.581941618	12
1055	0.582493745	15
1056	0.583045872	19
1057	0.583597998	20
1058	0.584150125	14
1059	0.584702252	6
1060	0.585254379	13
1061	0.585806505	14
1062	0.586358632	16
1063	0.586910759	12
1064	0.587462886	11
1065	0.588015013	18
1066	0.588567139	15
1067	0.589119266	23
1068	0.589671393	18
1069	0.59022352	23
1070	0.590775646	24
1071	0.591327773	21
1072	0.5918799	9
1073	0.592432027	14
1074	0.592984153	12
1075	0.59353628	18
1076	0.594088407	18
1077	0.594640534	17
1078	0.595192661	16
1079	0.595744787	17
1080	0.596296914	20
1081	0.596849041	12
1082	0.597401168	17
1083	0.597953294	14
1084	0.598505421	15
1085	0.599057548	20
1086	0.599609675	16
1087	0.600161802	22
1088	0.600713928	26
1089	0.601266055	11
1090	0.601818182	26
1091	0.602370309	27
1092	0.602922435	21
1093	0.603474562	14
1094	0.604026689	33
1095	0.604578816	34
1096	0.605130942	25
1097	0.605683069	28
1098	0.606235196	17
1099	0.606787323	26
1100	0.60733945	32
1101	0.607891576	22
1102	0.608443703	31
1103	0.60899583	23
1104	0.609547957	28
1105	0.610100083	47
1106	0.61065221	36
1107	0.611204337	48
1108	0.611756464	31
1109	0.61230859	35
1110	0.612860717	38
1111	0.613412844	38
1112	0.613964971	45
1113	0.614517098	40
1114	0.615069224	25
1115	0.615621351	35
1116	0.616173478	50
1117	0.616725605	41
1118	0.617277731	47
1119	0.617829858	61
1120	0.618381985	63
1121	0.618934112	43
1122	0.619486239	52
1123	0.620038365	62
1124	0.620590492	58
1125	0.621142619	65
1126	0.621694746	77
1127	0.622246872	49
1128	0.622798999	75
1129	0.623351126	64
1130	0.623903253	51
1131	0.624455379	67
1132	0.625007506	67
1133	0.625559633	67
1134	0.62611176	89
1135	0.626663887	69
1136	0.627216013	95
1137	0.62776814	71
1138	0.628320267	76
1139	0.628872394	81
1140	0.62942452	73
1141	0.629976647	75
1142	0.630528774	92
1143	0.631080901	113
1144	0.631633028	92
1145	0.632185154	111
1146	0.632737281	102
1147	0.633289408	101
1148	0.633841535	102
1149	0.634393661	118
1150	0.634945788	115
1151	0.635497915	99
1152	0.636050042	94
1153	0.636602168	124
1154	0.637154295	95
1155	0.637706422	120
1156	0.638258549	138
1157	0.638810676	132
1158	0.639362802	149
1159	0.639914929	136
1160	0.640467056	141
1161	0.641019183	127
1162	0.641571309	150
1163	0.642123436	146
1164	0.642675563	124
1165	0.64322769	154
1166	0.643779817	144
1167	0.644331943	141
1168	0.64488407	146
1169	0.645436197	151
1170	0.645988324	150
1171	0.64654045	156
1172	0.647092577	141
1173	0.647644704	163
1174	0.648196831	150
1175	0.648748957	139
1176	0.649301084	132
1177	0.649853211	170
1178	0.650405338	180
1179	0.650957465	152
1180	0.651509591	168
1181	0.652061718	151
1182	0.652613845	175
1183	0.653165972	167
1184	0.653718098	161
1185	0.654270225	160
1186	0.654822352	174
1187	0.655374479	196
1188	0.655926606	156
1189	0.656478732	150
1190	0.657030859	156
1191	0.657582986	178
1192	0.658135113	155
1193	0.658687239	183
1194	0.659239366	160
1195	0.659791493	163
1196	0.66034362	176
1197	0.660895746	199
1198	0.661447873	152
1199	0.662		180
1200	0.662552127	182
1201	0.663104254	190
1202	0.66365638	162
1203	0.664208507	178
1204	0.664760634	136
1205	0.665312761	167
1206	0.665864887	181
1207	0.666417014	134
1208	0.666969141	149
1209	0.667521268	141
1210	0.668073394	154
1211	0.668625521	152
1212	0.669177648	154
1213	0.669729775	123
1214	0.670281902	152
1215	0.670834028	134
1216	0.671386155	142
1217	0.671938282	132
1218	0.672490409	130
1219	0.673042535	101
1220	0.673594662	118
1221	0.674146789	125
1222	0.674698916	153
1223	0.675251043	126
1224	0.675803169	113
1225	0.676355296	115
1226	0.676907423	134
1227	0.67745955	105
1228	0.678011676	110
1229	0.678563803	106
1230	0.67911593	112
1231	0.679668057	107
1232	0.680220183	110
1233	0.68077231	97
1234	0.681324437	97
1235	0.681876564	89
1236	0.682428691	88
1237	0.682980817	76
1238	0.683532944	88
1239	0.684085071	73
1240	0.684637198	81
1241	0.685189324	85
1242	0.685741451	84
1243	0.686293578	67
1244	0.686845705	78
1245	0.687397832	72
1246	0.687949958	62
1247	0.688502085	62
1248	0.689054212	56
1249	0.689606339	50
1250	0.690158465	57
1251	0.690710592	64
1252	0.691262719	49
1253	0.691814846	55
1254	0.692366972	57
1255	0.692919099	47
1256	0.693471226	48
1257	0.694023353	34
1258	0.69457548	39
1259	0.695127606	53
1260	0.695679733	41
1261	0.69623186	42
1262	0.696783987	22
1263	0.697336113	41
1264	0.69788824	32
1265	0.698440367	37
1266	0.698992494	34
1267	0.699544621	37
1268	0.700096747	23
1269	0.700648874	27
1270	0.701201001	19
1271	0.701753128	26
1272	0.702305254	23
1273	0.702857381	19
1274	0.703409508	22
1275	0.703961635	17
1276	0.704513761	15
1277	0.705065888	9
1278	0.705618015	19
1279	0.706170142	27
1280	0.706722269	21
1281	0.707274395	4
1282	0.707826522	13
1283	0.708378649	13
1284	0.708930776	10
1285	0.709482902	10
1286	0.710035029	12
1287	0.710587156	9
1288	0.711139283	13
1289	0.71169141	9
1290	0.712243536	8
1291	0.712795663	7
1292	0.71334779	5
1293	0.713899917	6
1294	0.714452043	7
1295	0.71500417	11
1296	0.715556297	3
1297	0.716108424	10
1298	0.71666055	3
1299	0.717212677	8
1300	0.717764804	8
1301	0.718316931	7
1302	0.718869058	6
1303	0.719421184	6
1304	0.719973311	7
1305	0.720525438	3
1306	0.721077565	1
1307	0.721629691	2
1308	0.722181818	2
1309	0.722733945	4
1310	0.723286072	2
1311	0.723838198	3
1312	0.724390325	5
1313	0.724942452	2
1314	0.725494579	6
1315	0.726046706	4
1316	0.726598832	2
1317	0.727150959	3
1318	0.727703086	4
1319	0.728255213	2
1320	0.728807339	5
1321	0.729359466	4
1322	0.729911593	4
1323	0.73046372	5
1324	0.731015847	3
1325	0.731567973	1
1326	0.7321201	2
1327	0.732672227	1
1328	0.733224354	2
1329	0.73377648	2
1330	0.734328607	2
1331	0.734880734	3
1332	0.735432861	2
1333	0.735984987	2
1334	0.736537114	2
1335	0.737089241	0
1336	0.737641368	2
1337	0.738193495	3
1338	0.738745621	1
1339	0.739297748	3
1340	0.739849875	2
1341	0.740402002	3
1342	0.740954128	2
1343	0.741506255	2
1344	0.742058382	3
1345	0.742610509	2
1346	0.743162636	3
1347	0.743714762	1
1348	0.744266889	0
1349	0.744819016	1
1350	0.745371143	2
1351	0.745923269	0
1352	0.746475396	2
1353	0.747027523	6
1354	0.74757965	3
1355	0.748131776	1
1356	0.748683903	1
1357	0.74923603	4
1358	0.749788157	1
1359	0.750340284	3
1360	0.75089241	1
1361	0.751444537	4
1362	0.751996664	0
1363	0.752548791	1
1364	0.753100917	0
1365	0.753653044	2
1366	0.754205171	2
1367	0.754757298	0
1368	0.755309425	2
1369	0.755861551	1
1370	0.756413678	2
1371	0.756965805	1
1372	0.757517932	2
1373	0.758070058	1
1374	0.758622185	0
1375	0.759174312	0
1376	0.759726439	1
1377	0.760278565	2
1378	0.760830692	1
1379	0.761382819	1
1380	0.761934946	3
1381	0.762487073	1
1382	0.763039199	2
1383	0.763591326	3
1384	0.764143453	1
1385	0.76469558	1
1386	0.765247706	0
1387	0.765799833	0
1388	0.76635196	0
1389	0.766904087	2
1390	0.767456214	0
1391	0.76800834	0
1392	0.768560467	2
1393	0.769112594	2
1394	0.769664721	4
1395	0.770216847	4
1396	0.770768974	0
1397	0.771321101	2
1398	0.771873228	1
1399	0.772425354	2
1400	0.772977481	0
1401	0.773529608	1
1402	0.774081735	1
1403	0.774633862	5
1404	0.775185988	4
1405	0.775738115	2
1406	0.776290242	0
1407	0.776842369	0
1408	0.777394495	3
1409	0.777946622	1
1410	0.778498749	5
1411	0.779050876	2
1412	0.779603003	2
1413	0.780155129	2
1414	0.780707256	2
1415	0.781259383	0
1416	0.78181151	4
1417	0.782363636	3
1418	0.782915763	1
1419	0.78346789	1
1420	0.784020017	2
1421	0.784572143	0
1422	0.78512427	3
1423	0.785676397	0
1424	0.786228524	1
1425	0.786780651	1
1426	0.787332777	3
1427	0.787884904	1
1428	0.788437031	5
1429	0.788989158	0
1430	0.789541284	1
1431	0.790093411	0
1432	0.790645538	2
1433	0.791197665	1
1434	0.791749791	0
1435	0.792301918	1
1436	0.792854045	0
1437	0.793406172	1
1438	0.793958299	3
1439	0.794510425	2
1440	0.795062552	3
1441	0.795614679	1
1442	0.796166806	0
1443	0.796718932	4
1444	0.797271059	0
1445	0.797823186	2
1446	0.798375313	2
1447	0.79892744	1
1448	0.799479566	0
1449	0.800031693	3
1450	0.80058382	4
1451	0.801135947	2
1452	0.801688073	1
1453	0.8022402	0
1454	0.802792327	1
1455	0.803344454	1
1456	0.80389658	3
1457	0.804448707	2
1458	0.805000834	0
1459	0.805552961	4
1460	0.806105088	0
1461	0.806657214	2
1462	0.807209341	1
1463	0.807761468	2
1464	0.808313595	0
1465	0.808865721	0
1466	0.809417848	5
1467	0.809969975	1
1468	0.810522102	0
1469	0.811074229	2
1470	0.811626355	2
1471	0.812178482	0
1472	0.812730609	8
1473	0.813282736	2
1474	0.813834862	3
1475	0.814386989	1
1476	0.814939116	0
1477	0.815491243	0
1478	0.816043369	1
1479	0.816595496	2
1480	0.817147623	1
1481	0.81769975	1
1482	0.818251877	2
1483	0.818804003	3
1484	0.81935613	1
1485	0.819908257	2
1486	0.820460384	3
1487	0.82101251	1
1488	0.821564637	1
1489	0.822116764	1
1490	0.822668891	0
1491	0.823221018	3
1492	0.823773144	1
1493	0.824325271	3
1494	0.824877398	1
1495	0.825429525	1
1496	0.825981651	0
1497	0.826533778	1
1498	0.827085905	0
1499	0.827638032	3
1500	0.828190158	3
1501	0.828742285	3
1502	0.829294412	1
1503	0.829846539	0
1504	0.830398666	3
1505	0.830950792	0
1506	0.831502919	2
1507	0.832055046	1
1508	0.832607173	0
1509	0.833159299	2
1510	0.833711426	1
1511	0.834263553	0
1512	0.83481568	1
1513	0.835367807	2
1514	0.835919933	2
1515	0.83647206	3
1516	0.837024187	2
1517	0.837576314	1
1518	0.83812844	0
1519	0.838680567	2
1520	0.839232694	1
1521	0.839784821	1
1522	0.840336947	0
1523	0.840889074	7
1524	0.841441201	3
1525	0.841993328	0
1526	0.842545455	0
1527	0.843097581	2
1528	0.843649708	0
1529	0.844201835	3
1530	0.844753962	1
1531	0.845306088	1
1532	0.845858215	0
1533	0.846410342	1
1534	0.846962469	0
1535	0.847514595	1
1536	0.848066722	1
1537	0.848618849	5
1538	0.849170976	2
1539	0.849723103	1
1540	0.850275229	1
1541	0.850827356	1
1542	0.851379483	4
1543	0.85193161	2
1544	0.852483736	1
1545	0.853035863	0
1546	0.85358799	0
1547	0.854140117	1
1548	0.854692244	0
1549	0.85524437	1
1550	0.855796497	0
1551	0.856348624	3
1552	0.856900751	3
1553	0.857452877	4
1554	0.858005004	4
1555	0.858557131	2
1556	0.859109258	0
1557	0.859661384	3
1558	0.860213511	0
1559	0.860765638	0
1560	0.861317765	3
1561	0.861869892	0
1562	0.862422018	1
1563	0.862974145	2
1564	0.863526272	1
1565	0.864078399	1
1566	0.864630525	3
1567	0.865182652	1
1568	0.865734779	2
1569	0.866286906	0
1570	0.866839033	0
1571	0.867391159	1
1572	0.867943286	2
1573	0.868495413	0
1574	0.86904754	1
1575	0.869599666	1
1576	0.870151793	1
1577	0.87070392	0
1578	0.871256047	1
1579	0.871808173	0
1580	0.8723603	2
1581	0.872912427	3
1582	0.873464554	2
1583	0.874016681	1
1584	0.874568807	3
1585	0.875120934	3
1586	0.875673061	1
1587	0.876225188	2
1588	0.876777314	0
1589	0.877329441	1
1590	0.877881568	2
1591	0.878433695	0
1592	0.878985822	1
1593	0.879537948	4
1594	0.880090075	1
1595	0.880642202	1
1596	0.881194329	0
1597	0.881746455	1
1598	0.882298582	1
1599	0.882850709	0
1600	0.883402836	2
1601	0.883954962	0
1602	0.884507089	2
1603	0.885059216	0
1604	0.885611343	0
1605	0.88616347	2
1606	0.886715596	5
1607	0.887267723	0
1608	0.88781985	0
1609	0.888371977	1
1610	0.888924103	3
1611	0.88947623	1
1612	0.890028357	3
1613	0.890580484	2
1614	0.891132611	0
1615	0.891684737	0
1616	0.892236864	0
1617	0.892788991	0
1618	0.893341118	0
1619	0.893893244	2
1620	0.894445371	3
1621	0.894997498	4
1622	0.895549625	0
1623	0.896101751	2
1624	0.896653878	2
1625	0.897206005	0
1626	0.897758132	0
1627	0.898310259	1
1628	0.898862385	1
1629	0.899414512	3
1630	0.899966639	1
1631	0.900518766	1
1632	0.901070892	1
1633	0.901623019	0
1634	0.902175146	0
1635	0.902727273	0
1636	0.903279399	0
1637	0.903831526	2
1638	0.904383653	1
1639	0.90493578	2
1640	0.905487907	3
1641	0.906040033	2
1642	0.90659216	0
1643	0.907144287	2
1644	0.907696414	1
1645	0.90824854	4
1646	0.908800667	1
1647	0.909352794	1
1648	0.909904921	2
1649	0.910457048	1
1650	0.911009174	0
1651	0.911561301	1
1652	0.912113428	0
1653	0.912665555	1
1654	0.913217681	1
1655	0.913769808	0
1656	0.914321935	1
1657	0.914874062	0
1658	0.915426188	0
1659	0.915978315	0
1660	0.916530442	3
1661	0.917082569	2
1662	0.917634696	1
1663	0.918186822	1
1664	0.918738949	2
1665	0.919291076	2
1666	0.919843203	2
1667	0.920395329	3
1668	0.920947456	1
1669	0.921499583	1
1670	0.92205171	1
1671	0.922603837	0
1672	0.923155963	4
1673	0.92370809	3
1674	0.924260217	2
1675	0.924812344	0
1676	0.92536447	4
1677	0.925916597	3
1678	0.926468724	1
1679	0.927020851	1
1680	0.927572977	0
1681	0.928125104	0
1682	0.928677231	0
1683	0.929229358	1
1684	0.929781485	1
1685	0.930333611	0
1686	0.930885738	1
1687	0.931437865	0
1688	0.931989992	2
1689	0.932542118	0
1690	0.933094245	2
1691	0.933646372	0
1692	0.934198499	2
1693	0.934750626	0
1694	0.935302752	0
1695	0.935854879	1
1696	0.936407006	2
1697	0.936959133	3
1698	0.937511259	0
1699	0.938063386	0
1700	0.938615513	1
1701	0.93916764	1
1702	0.939719766	2
1703	0.940271893	0
1704	0.94082402	4
1705	0.941376147	1
1706	0.941928274	2
1707	0.9424804	6
1708	0.943032527	1
1709	0.943584654	2
1710	0.944136781	1
1711	0.944688907	0
1712	0.945241034	0
1713	0.945793161	3
1714	0.946345288	2
1715	0.946897415	1
1716	0.947449541	2
1717	0.948001668	2
1718	0.948553795	1
1719	0.949105922	0
1720	0.949658048	1
1721	0.950210175	0
1722	0.950762302	2
1723	0.951314429	2
1724	0.951866555	1
1725	0.952418682	0
1726	0.952970809	3
1727	0.953522936	2
1728	0.954075063	0
1729	0.954627189	2
1730	0.955179316	0
1731	0.955731443	1
1732	0.95628357	1
1733	0.956835696	0
1734	0.957387823	0
1735	0.95793995	1
1736	0.958492077	0
1737	0.959044204	1
1738	0.95959633	2
1739	0.960148457	1
1740	0.960700584	0
1741	0.961252711	3
1742	0.961804837	1
1743	0.962356964	0
1744	0.962909091	2
1745	0.963461218	3
1746	0.964013344	4
1747	0.964565471	3
1748	0.965117598	2
1749	0.965669725	1
1750	0.966221852	1
1751	0.966773978	2
1752	0.967326105	1
1753	0.967878232	0
1754	0.968430359	0
1755	0.968982485	1
1756	0.969534612	2
1757	0.970086739	2
1758	0.970638866	2
1759	0.971190992	0
1760	0.971743119	2
1761	0.972295246	1
1762	0.972847373	2
1763	0.9733995	1
1764	0.973951626	1
1765	0.974503753	1
1766	0.97505588	2
1767	0.975608007	0
1768	0.976160133	1
1769	0.97671226	1
1770	0.977264387	1
1771	0.977816514	2
1772	0.978368641	0
1773	0.978920767	0
1774	0.979472894	2
1775	0.980025021	0
1776	0.980577148	0
1777	0.981129274	0
1778	0.981681401	0
1779	0.982233528	1
1780	0.982785655	2
1781	0.983337781	5
1782	0.983889908	0
1783	0.984442035	3
1784	0.984994162	0
1785	0.985546289	1
1786	0.986098415	1
1787	0.986650542	0
1788	0.987202669	1
1789	0.987754796	2
1790	0.988306922	2
1791	0.988859049	3
1792	0.989411176	1
1793	0.989963303	2
1794	0.99051543	1
1795	0.991067556	0
1796	0.991619683	2
1797	0.99217181	2
1798	0.992723937	2
1799	0.993276063	1
1800	0.99382819	1
1801	0.994380317	0
1802	0.994932444	1
1803	0.99548457	3
1804	0.996036697	1
1805	0.996588824	1
1806	0.997140951	0
1807	0.997693078	1
1808	0.998245204	1
1809	0.998797331	1
1810	0.999349458	2
1811	0.999901585	0
1812	1.000453711	0
1813	1.001005838	1
1814	1.001557965	2
1815	1.002110092	2
1816	1.002662219	2
1817	1.003214345	0
1818	1.003766472	2
1819	1.004318599	1
1820	1.004870726	0
1821	1.005422852	2
1822	1.005974979	4
1823	1.006527106	0
1824	1.007079233	1
1825	1.007631359	2
1826	1.008183486	0
1827	1.008735613	1
1828	1.00928774	2
1829	1.009839867	1
1830	1.010391993	0
1831	1.01094412	1
1832	1.011496247	1
1833	1.012048374	0
1834	1.0126005	0
1835	1.013152627	0
1836	1.013704754	1
1837	1.014256881	0
1838	1.014809008	3
1839	1.015361134	1
1840	1.015913261	1
1841	1.016465388	0
1842	1.017017515	1
1843	1.017569641	0
1844	1.018121768	1
1845	1.018673895	1
1846	1.019226022	1
1847	1.019778148	2
1848	1.020330275	0
1849	1.020882402	0
1850	1.021434529	1
1851	1.021986656	3
1852	1.022538782	1
1853	1.023090909	0
1854	1.023643036	1
1855	1.024195163	0
1856	1.024747289	2
1857	1.025299416	0
1858	1.025851543	3
1859	1.02640367	0
1860	1.026955796	4
1861	1.027507923	1
1862	1.02806005	0
1863	1.028612177	0
1864	1.029164304	1
1865	1.02971643	0
1866	1.030268557	1
1867	1.030820684	0
1868	1.031372811	0
1869	1.031924937	0
1870	1.032477064	2
1871	1.033029191	1
1872	1.033581318	0
1873	1.034133445	1
1874	1.034685571	0
1875	1.035237698	0
1876	1.035789825	0
1877	1.036341952	0
1878	1.036894078	0
1879	1.037446205	1
1880	1.037998332	1
1881	1.038550459	0
1882	1.039102585	0
1883	1.039654712	0
1884	1.040206839	0
1885	1.040758966	2
1886	1.041311093	0
1887	1.041863219	1
1888	1.042415346	0
1889	1.042967473	1
1890	1.0435196	0
1891	1.044071726	0
1892	1.044623853	1
1893	1.04517598	0
1894	1.045728107	3
1895	1.046280234	0
1896	1.04683236	0
1897	1.047384487	0
1898	1.047936614	1
1899	1.048488741	0
1900	1.049040867	0
1901	1.049592994	2
1902	1.050145121	1
1903	1.050697248	0
1904	1.051249374	1
1905	1.051801501	0
1906	1.052353628	1
1907	1.052905755	1
1908	1.053457882	0
1909	1.054010008	0
1910	1.054562135	4
1911	1.055114262	0
1912	1.055666389	1
1913	1.056218515	2
1914	1.056770642	1
1915	1.057322769	0
1916	1.057874896	0
1917	1.058427023	2
1918	1.058979149	0
1919	1.059531276	3
1920	1.060083403	0
1921	1.06063553	0
1922	1.061187656	2
1923	1.061739783	0
1924	1.06229191	0
1925	1.062844037	1
1926	1.063396163	1
1927	1.06394829	2
1928	1.064500417	1
1929	1.065052544	0
1930	1.065604671	1
1931	1.066156797	1
1932	1.066708924	0
1933	1.067261051	3
1934	1.067813178	0
1935	1.068365304	0
1936	1.068917431	0
1937	1.069469558	2
1938	1.070021685	3
1939	1.070573812	0
1940	1.071125938	3
1941	1.071678065	0
1942	1.072230192	1
1943	1.072782319	2
1944	1.073334445	1
1945	1.073886572	1
1946	1.074438699	3
1947	1.074990826	1
1948	1.075542952	0
1949	1.076095079	0
1950	1.076647206	0
1951	1.077199333	1
1952	1.07775146	3
1953	1.078303586	1
1954	1.078855713	0
1955	1.07940784	2
1956	1.079959967	1
1957	1.080512093	3
1958	1.08106422	0
1959	1.081616347	2
1960	1.082168474	0
1961	1.082720601	4
1962	1.083272727	4
1963	1.083824854	2
1964	1.084376981	0
1965	1.084929108	0
1966	1.085481234	2
1967	1.086033361	1
1968	1.086585488	1
1969	1.087137615	0
1970	1.087689741	0
1971	1.088241868	2
1972	1.088793995	3
1973	1.089346122	1
1974	1.089898249	0
1975	1.090450375	2
1976	1.091002502	1
1977	1.091554629	0
1978	1.092106756	1
1979	1.092658882	2
1980	1.093211009	0
1981	1.093763136	4
1982	1.094315263	2
1983	1.094867389	0
1984	1.095419516	1
1985	1.095971643	1
1986	1.09652377	2
1987	1.097075897	0
1988	1.097628023	0
1989	1.09818015	0
1990	1.098732277	1
1991	1.099284404	2
1992	1.09983653	0
1993	1.100388657	1
1994	1.100940784	0
1995	1.101492911	0
1996	1.102045038	2
1997	1.102597164	2
1998	1.103149291	0
1999	1.103701418	0
2000	1.104253545	3
2001	1.104805671	1
2002	1.105357798	4
2003	1.105909925	2
2004	1.106462052	1
2005	1.107014178	1
2006	1.107566305	0
2007	1.108118432	1
2008	1.108670559	1
2009	1.109222686	1
2010	1.109774812	2
2011	1.110326939	0
2012	1.110879066	2
2013	1.111431193	0
2014	1.111983319	2
2015	1.112535446	1
2016	1.113087573	1
2017	1.1136397	1
2018	1.114191827	3
2019	1.114743953	1
2020	1.11529608	0
2021	1.115848207	1
2022	1.116400334	0
2023	1.11695246	0
2024	1.117504587	2
2025	1.118056714	1
2026	1.118608841	1
2027	1.119160967	0
2028	1.119713094	1
2029	1.120265221	3
2030	1.120817348	3
2031	1.121369475	0
2032	1.121921601	2
2033	1.122473728	1
2034	1.123025855	1
2035	1.123577982	2
2036	1.124130108	1
2037	1.124682235	1
2038	1.125234362	3
2039	1.125786489	1
2040	1.126338616	0
2041	1.126890742	1
2042	1.127442869	0
2043	1.127994996	0
2044	1.128547123	2
2045	1.129099249	1
2046	1.129651376	0
2047	1.130203503	2
2048	1.13075563	1
2049	1.131307756	3
2050	1.131859883	2
2051	1.13241201	3
2052	1.132964137	0
2053	1.133516264	2
2054	1.13406839	1
2055	1.134620517	0
2056	1.135172644	0
2057	1.135724771	2
2058	1.136276897	0
2059	1.136829024	1
2060	1.137381151	0
2061	1.137933278	1
2062	1.138485405	2
2063	1.139037531	0
2064	1.139589658	0
2065	1.140141785	0
2066	1.140693912	0
2067	1.141246038	4
2068	1.141798165	1
2069	1.142350292	0
2070	1.142902419	0
2071	1.143454545	0
2072	1.144006672	1
2073	1.144558799	1
2074	1.145110926	0
2075	1.145663053	2
2076	1.146215179	1
2077	1.146767306	0
2078	1.147319433	0
2079	1.14787156	0
2080	1.148423686	0
2081	1.148975813	0
2082	1.14952794	1
2083	1.150080067	0
2084	1.150632193	0
2085	1.15118432	1
2086	1.151736447	1
2087	1.152288574	0
2088	1.152840701	0
2089	1.153392827	0
2090	1.153944954	0
2091	1.154497081	2
2092	1.155049208	0
2093	1.155601334	1
2094	1.156153461	1
2095	1.156705588	0
2096	1.157257715	0
2097	1.157809842	2
2098	1.158361968	0
2099	1.158914095	2
2100	1.159466222	1
2101	1.160018349	0
2102	1.160570475	0
2103	1.161122602	0
2104	1.161674729	0
2105	1.162226856	0
2106	1.162778982	0
2107	1.163331109	1
2108	1.163883236	1
2109	1.164435363	1
2110	1.16498749	1
2111	1.165539616	0
2112	1.166091743	0
2113	1.16664387	3
2114	1.167195997	0
2115	1.167748123	1
2116	1.16830025	0
2117	1.168852377	1
2118	1.169404504	0
2119	1.169956631	0
2120	1.170508757	0
2121	1.171060884	1
2122	1.171613011	0
2123	1.172165138	0
2124	1.172717264	1
2125	1.173269391	2
2126	1.173821518	0
2127	1.174373645	0
2128	1.174925771	0
2129	1.175477898	2
2130	1.176030025	1
2131	1.176582152	0
2132	1.177134279	1
2133	1.177686405	2
2134	1.178238532	1
2135	1.178790659	1
2136	1.179342786	0
2137	1.179894912	2
2138	1.180447039	3
2139	1.180999166	1
2140	1.181551293	2
2141	1.18210342	0
2142	1.182655546	0
2143	1.183207673	1
2144	1.1837598	0
2145	1.184311927	2
2146	1.184864053	0
2147	1.18541618	1
2148	1.185968307	2
2149	1.186520434	0
2150	1.18707256	0
2151	1.187624687	1
2152	1.188176814	0
2153	1.188728941	0
2154	1.189281068	0
2155	1.189833194	3
2156	1.190385321	1
2157	1.190937448	0
2158	1.191489575	1
2159	1.192041701	2
2160	1.192593828	1
2161	1.193145955	0
2162	1.193698082	2
2163	1.194250209	1
2164	1.194802335	1
2165	1.195354462	0
2166	1.195906589	1
2167	1.196458716	0
2168	1.197010842	0
2169	1.197562969	1
2170	1.198115096	1
2171	1.198667223	0
2172	1.199219349	1
2173	1.199771476	0
2174	1.200323603	0
2175	1.20087573	0
2176	1.201427857	0
2177	1.201979983	0
2178	1.20253211	0
2179	1.203084237	1
2180	1.203636364	1
2181	1.20418849	0
2182	1.204740617	0
2183	1.205292744	2
2184	1.205844871	0
2185	1.206396997	1
2186	1.206949124	0
2187	1.207501251	1
2188	1.208053378	0
2189	1.208605505	2
2190	1.209157631	0
2191	1.209709758	0
2192	1.210261885	0
2193	1.210814012	1
2194	1.211366138	0
2195	1.211918265	1
2196	1.212470392	0
2197	1.213022519	2
2198	1.213574646	1
2199	1.214126772	1
2200	1.214678899	2
2201	1.215231026	0
2202	1.215783153	0
2203	1.216335279	0
2204	1.216887406	3
2205	1.217439533	0
2206	1.21799166	0
2207	1.218543786	1
2208	1.219095913	0
2209	1.21964804	1
2210	1.220200167	1
2211	1.220752294	2
2212	1.22130442	2
2213	1.221856547	0
2214	1.222408674	1
2215	1.222960801	1
2216	1.223512927	2
2217	1.224065054	1
2218	1.224617181	0
2219	1.225169308	0
2220	1.225721435	1
2221	1.226273561	1
2222	1.226825688	1
2223	1.227377815	0
2224	1.227929942	1
2225	1.228482068	0
2226	1.229034195	1
2227	1.229586322	1
2228	1.230138449	1
2229	1.230690575	0
2230	1.231242702	1
2231	1.231794829	0
2232	1.232346956	0
2233	1.232899083	0
2234	1.233451209	0
2235	1.234003336	0
2236	1.234555463	1
2237	1.23510759	0
2238	1.235659716	4
2239	1.236211843	0
2240	1.23676397	1
2241	1.237316097	0
2242	1.237868224	1
2243	1.23842035	0
2244	1.238972477	1
2245	1.239524604	0
2246	1.240076731	1
2247	1.240628857	2
2248	1.241180984	1
2249	1.241733111	0
2250	1.242285238	0
2251	1.242837364	1
2252	1.243389491	1
2253	1.243941618	1
2254	1.244493745	0
2255	1.245045872	0
2256	1.245597998	1
2257	1.246150125	2
2258	1.246702252	1
2259	1.247254379	1
2260	1.247806505	0
2261	1.248358632	1
2262	1.248910759	2
2263	1.249462886	0
2264	1.250015013	0
2265	1.250567139	0
2266	1.251119266	0
2267	1.251671393	2
2268	1.25222352	1
2269	1.252775646	0
2270	1.253327773	0
2271	1.2538799	1
2272	1.254432027	1
2273	1.254984153	0
2274	1.25553628	0
2275	1.256088407	2
2276	1.256640534	0
2277	1.257192661	1
2278	1.257744787	0
2279	1.258296914	1
2280	1.258849041	1
2281	1.259401168	0
2282	1.259953294	1
2283	1.260505421	0
2284	1.261057548	1
2285	1.261609675	1
2286	1.262161802	1
2287	1.262713928	0
2288	1.263266055	0
2289	1.263818182	0
2290	1.264370309	0
2291	1.264922435	2
2292	1.265474562	0
2293	1.266026689	0
2294	1.266578816	0
2295	1.267130942	1
2296	1.267683069	1
2297	1.268235196	0
2298	1.268787323	0
2299	1.26933945	0
2300	1.269891576	0
2301	1.270443703	0
2302	1.27099583	1
2303	1.271547957	0
2304	1.272100083	1
2305	1.27265221	0
2306	1.273204337	0
2307	1.273756464	0
2308	1.27430859	1
2309	1.274860717	0
2310	1.275412844	0
2311	1.275964971	1
2312	1.276517098	1
2313	1.277069224	1
2314	1.277621351	1
2315	1.278173478	0
2316	1.278725605	0
2317	1.279277731	0
2318	1.279829858	0
2319	1.280381985	0
2320	1.280934112	0
2321	1.281486239	0
2322	1.282038365	0
2323	1.282590492	2
2324	1.283142619	0
2325	1.283694746	0
2326	1.284246872	0
2327	1.284798999	1
2328	1.285351126	1
2329	1.285903253	0
2330	1.286455379	2
2331	1.287007506	0
2332	1.287559633	0
2333	1.28811176	0
2334	1.288663887	0
2335	1.289216013	1
2336	1.28976814	1
2337	1.290320267	0
2338	1.290872394	0
2339	1.29142452	1
2340	1.291976647	0
2341	1.292528774	0
2342	1.293080901	0
2343	1.293633028	1
2344	1.294185154	0
2345	1.294737281	0
2346	1.295289408	0
2347	1.295841535	2
2348	1.296393661	0
2349	1.296945788	1
2350	1.297497915	0
2351	1.298050042	0
2352	1.298602168	5
2353	1.299154295	1
2354	1.299706422	1
2355	1.300258549	1
2356	1.300810676	1
2357	1.301362802	2
2358	1.301914929	0
2359	1.302467056	0
2360	1.303019183	0
2361	1.303571309	1
2362	1.304123436	0
2363	1.304675563	0
2364	1.30522769	1
2365	1.305779817	0
2366	1.306331943	0
2367	1.30688407	0
2368	1.307436197	1
2369	1.307988324	0
2370	1.30854045	0
2371	1.309092577	2
2372	1.309644704	1
2373	1.310196831	0
2374	1.310748957	1
2375	1.311301084	2
2376	1.311853211	2
2377	1.312405338	1
2378	1.312957465	0
2379	1.313509591	1
2380	1.314061718	0
2381	1.314613845	0
2382	1.315165972	0
2383	1.315718098	1
2384	1.316270225	0
2385	1.316822352	0
2386	1.317374479	0
2387	1.317926606	0
2388	1.318478732	2
2389	1.319030859	1
2390	1.319582986	1
2391	1.320135113	1
2392	1.320687239	1
2393	1.321239366	0
2394	1.321791493	1
2395	1.32234362	0
2396	1.322895746	1
2397	1.323447873	0
2398	1.324		0
2399	1.324552127	1
2400	1.325104254	0
2401	1.32565638	0
2402	1.326208507	0
2403	1.326760634	1
2404	1.327312761	0
2405	1.327864887	0
2406	1.328417014	1
2407	1.328969141	1
2408	1.329521268	1
2409	1.330073394	0
2410	1.330625521	0
2411	1.331177648	1
2412	1.331729775	0
2413	1.332281902	2
2414	1.332834028	0
2415	1.333386155	0
2416	1.333938282	1
2417	1.334490409	0
2418	1.335042535	0
2419	1.335594662	0
2420	1.336146789	1
2421	1.336698916	0
2422	1.337251043	0
2423	1.337803169	1
2424	1.338355296	1
2425	1.338907423	0
2426	1.33945955	1
2427	1.340011676	1
2428	1.340563803	1
2429	1.34111593	0
2430	1.341668057	0
2431	1.342220183	0
2432	1.34277231	0
2433	1.343324437	2
2434	1.343876564	2
2435	1.344428691	0
2436	1.344980817	0
2437	1.345532944	0
2438	1.346085071	0
2439	1.346637198	0
2440	1.347189324	1
2441	1.347741451	0
2442	1.348293578	1
2443	1.348845705	0
2444	1.349397832	0
2445	1.349949958	0
2446	1.350502085	0
2447	1.351054212	0
2448	1.351606339	1
2449	1.352158465	0
2450	1.352710592	2
2451	1.353262719	0
2452	1.353814846	1
2453	1.354366972	0
2454	1.354919099	2
2455	1.355471226	1
2456	1.356023353	1
2457	1.35657548	0
2458	1.357127606	2
2459	1.357679733	1
2460	1.35823186	0
2461	1.358783987	2
2462	1.359336113	0
2463	1.35988824	3
2464	1.360440367	0
2465	1.360992494	1
2466	1.361544621	1
2467	1.362096747	0
2468	1.362648874	0
2469	1.363201001	0
2470	1.363753128	1
2471	1.364305254	3
2472	1.364857381	2
2473	1.365409508	1
2474	1.365961635	0
2475	1.366513761	0
2476	1.367065888	1
2477	1.367618015	0
2478	1.368170142	0
2479	1.368722269	1
2480	1.369274395	0
2481	1.369826522	0
2482	1.370378649	1
2483	1.370930776	2
2484	1.371482902	1
2485	1.372035029	0
2486	1.372587156	1
2487	1.373139283	0
2488	1.37369141	1
2489	1.374243536	0
2490	1.374795663	0
2491	1.37534779	0
2492	1.375899917	1
2493	1.376452043	0
2494	1.37700417	1
2495	1.377556297	0
2496	1.378108424	0
2497	1.37866055	0
2498	1.379212677	3
2499	1.379764804	1
2500	1.380316931	2
2501	1.380869058	0
2502	1.381421184	0
2503	1.381973311	0
2504	1.382525438	0
2505	1.383077565	1
2506	1.383629691	1
2507	1.384181818	2
2508	1.384733945	3
2509	1.385286072	1
2510	1.385838198	1
2511	1.386390325	1
2512	1.386942452	0
2513	1.387494579	2
2514	1.388046706	1
2515	1.388598832	3
2516	1.389150959	2
2517	1.389703086	3
2518	1.390255213	2
2519	1.390807339	2
2520	1.391359466	1
2521	1.391911593	3
2522	1.39246372	0
2523	1.393015847	2
2524	1.393567973	0
2525	1.3941201	0
2526	1.394672227	0
2527	1.395224354	2
2528	1.39577648	0
2529	1.396328607	0
2530	1.396880734	1
2531	1.397432861	1
2532	1.397984987	1
2533	1.398537114	0
2534	1.399089241	1
2535	1.399641368	1
2536	1.400193495	1
2537	1.400745621	1
2538	1.401297748	0
2539	1.401849875	0
2540	1.402402002	3
2541	1.402954128	1
2542	1.403506255	0
2543	1.404058382	2
2544	1.404610509	1
2545	1.405162636	2
2546	1.405714762	0
2547	1.406266889	0
2548	1.406819016	2
2549	1.407371143	2
2550	1.407923269	0
2551	1.408475396	0
2552	1.409027523	3
2553	1.40957965	3
2554	1.410131776	1
2555	1.410683903	0
2556	1.41123603	1
2557	1.411788157	2
2558	1.412340284	0
2559	1.41289241	2
2560	1.413444537	0
2561	1.413996664	2
2562	1.414548791	2
2563	1.415100917	2
2564	1.415653044	4
2565	1.416205171	0
2566	1.416757298	1
2567	1.417309425	0
2568	1.417861551	2
2569	1.418413678	2
2570	1.418965805	3
2571	1.419517932	1
2572	1.420070058	0
2573	1.420622185	0
2574	1.421174312	1
2575	1.421726439	0
2576	1.422278565	1
2577	1.422830692	3
2578	1.423382819	0
2579	1.423934946	1
2580	1.424487073	1
2581	1.425039199	1
2582	1.425591326	1
2583	1.426143453	1
2584	1.42669558	0
2585	1.427247706	3
2586	1.427799833	0
2587	1.42835196	2
2588	1.428904087	1
2589	1.429456214	2
2590	1.43000834	1
2591	1.430560467	0
2592	1.431112594	0
2593	1.431664721	2
2594	1.432216847	2
2595	1.432768974	0
2596	1.433321101	0
2597	1.433873228	2
2598	1.434425354	1
2599	1.434977481	3
2600	1.435529608	1
2601	1.436081735	3
2602	1.436633862	0
2603	1.437185988	1
2604	1.437738115	0
2605	1.438290242	0
2606	1.438842369	2
2607	1.439394495	1
2608	1.439946622	3
2609	1.440498749	1
2610	1.441050876	0
2611	1.441603003	0
2612	1.442155129	1
2613	1.442707256	0
2614	1.443259383	1
2615	1.44381151	2
2616	1.444363636	2
2617	1.444915763	1
2618	1.44546789	2
2619	1.446020017	0
2620	1.446572143	1
2621	1.44712427	2
2622	1.447676397	0
2623	1.448228524	0
2624	1.448780651	0
2625	1.449332777	1
2626	1.449884904	0
2627	1.450437031	1
2628	1.450989158	0
2629	1.451541284	0
2630	1.452093411	0
2631	1.452645538	1
2632	1.453197665	2
2633	1.453749791	0
2634	1.454301918	2
2635	1.454854045	2
2636	1.455406172	3
2637	1.455958299	1
2638	1.456510425	1
2639	1.457062552	0
2640	1.457614679	0
2641	1.458166806	1
2642	1.458718932	0
2643	1.459271059	0
2644	1.459823186	0
2645	1.460375313	0
2646	1.46092744	1
2647	1.461479566	1
2648	1.462031693	0
2649	1.46258382	0
2650	1.463135947	1
2651	1.463688073	1
2652	1.4642402	1
2653	1.464792327	0
2654	1.465344454	0
2655	1.46589658	0
2656	1.466448707	0
2657	1.467000834	1
2658	1.467552961	0
2659	1.468105088	0
2660	1.468657214	0
2661	1.469209341	2
2662	1.469761468	1
2663	1.470313595	1
2664	1.470865721	1
2665	1.471417848	0
2666	1.471969975	0
2667	1.472522102	1
2668	1.473074229	0
2669	1.473626355	1
2670	1.474178482	2
2671	1.474730609	0
2672	1.475282736	0
2673	1.475834862	0
2674	1.476386989	2
2675	1.476939116	0
2676	1.477491243	2
2677	1.478043369	0
2678	1.478595496	1
2679	1.479147623	0
2680	1.47969975	0
2681	1.480251877	0
2682	1.480804003	0
2683	1.48135613	0
2684	1.481908257	0
2685	1.482460384	0
2686	1.48301251	1
2687	1.483564637	0
2688	1.484116764	2
2689	1.484668891	0
2690	1.485221018	1
2691	1.485773144	0
2692	1.486325271	0
2693	1.486877398	0
2694	1.487429525	0
2695	1.487981651	0
2696	1.488533778	0
2697	1.489085905	0
2698	1.489638032	0
2699	1.490190158	0
2700	1.490742285	0
2701	1.491294412	0
2702	1.491846539	2
2703	1.492398666	0
2704	1.492950792	0
2705	1.493502919	0
2706	1.494055046	0
2707	1.494607173	0
2708	1.495159299	1
2709	1.495711426	1
2710	1.496263553	0
2711	1.49681568	2
2712	1.497367807	0
2713	1.497919933	0
2714	1.49847206	1
2715	1.499024187	0
2716	1.499576314	0
2717	1.50012844	0
2718	1.500680567	1
2719	1.501232694	0
2720	1.501784821	0
2721	1.502336947	0
2722	1.502889074	0
2723	1.503441201	1
2724	1.503993328	0
2725	1.504545455	0
2726	1.505097581	0
2727	1.505649708	0
2728	1.506201835	0
2729	1.506753962	0
2730	1.507306088	0
2731	1.507858215	0
2732	1.508410342	0
2733	1.508962469	0
2734	1.509514595	0
2735	1.510066722	0
2736	1.510618849	1
2737	1.511170976	0
2738	1.511723103	0
2739	1.512275229	0
2740	1.512827356	0
2741	1.513379483	0
2742	1.51393161	0
2743	1.514483736	1
2744	1.515035863	0
2745	1.51558799	0
2746	1.516140117	0
2747	1.516692244	0
2748	1.51724437	1
2749	1.517796497	0
2750	1.518348624	1
2751	1.518900751	0
2752	1.519452877	0
2753	1.520005004	0
2754	1.520557131	0
2755	1.521109258	0
2756	1.521661384	0
2757	1.522213511	0
2758	1.522765638	0
2759	1.523317765	0
2760	1.523869892	0
2761	1.524422018	0
2762	1.524974145	1
2763	1.525526272	0
2764	1.526078399	0
2765	1.526630525	0
2766	1.527182652	0
2767	1.527734779	0
2768	1.528286906	0
2769	1.528839033	0
2770	1.529391159	1
2771	1.529943286	0
2772	1.530495413	1
2773	1.53104754	0
2774	1.531599666	0
2775	1.532151793	0
2776	1.53270392	1
2777	1.533256047	0
2778	1.533808173	0
2779	1.5343603	0
2780	1.534912427	1
2781	1.535464554	1
2782	1.536016681	1
2783	1.536568807	0
2784	1.537120934	0
2785	1.537673061	0
2786	1.538225188	0
2787	1.538777314	0
2788	1.539329441	0
2789	1.539881568	0
2790	1.540433695	0
2791	1.540985822	0
2792	1.541537948	0
2793	1.542090075	0
2794	1.542642202	0
2795	1.543194329	0
2796	1.543746455	1
2797	1.544298582	1
2798	1.544850709	0
2799	1.545402836	1
2800	1.545954962	0
2801	1.546507089	0
2802	1.547059216	0
2803	1.547611343	0
2804	1.54816347	0
2805	1.548715596	0
2806	1.549267723	1
2807	1.54981985	0
2808	1.550371977	0
2809	1.550924103	0
2810	1.55147623	0
2811	1.552028357	0
2812	1.552580484	0
2813	1.553132611	0
2814	1.553684737	1
2815	1.554236864	0
2816	1.554788991	0
2817	1.555341118	2
2818	1.555893244	0
2819	1.556445371	0
2820	1.556997498	0
2821	1.557549625	0
2822	1.558101751	0
2823	1.558653878	0
2824	1.559206005	0
2825	1.559758132	0
2826	1.560310259	0
2827	1.560862385	0
2828	1.561414512	0
2829	1.561966639	0
2830	1.562518766	0
2831	1.563070892	1
2832	1.563623019	1
2833	1.564175146	1
2834	1.564727273	0
2835	1.565279399	0
2836	1.565831526	0
2837	1.566383653	0
2838	1.56693578	0
2839	1.567487907	0
2840	1.568040033	0
2841	1.56859216	0
2842	1.569144287	0
2843	1.569696414	0
2844	1.57024854	0
2845	1.570800667	0
2846	1.571352794	0
2847	1.571904921	0
2848	1.572457048	0
2849	1.573009174	0
2850	1.573561301	1
2851	1.574113428	1
2852	1.574665555	1
2853	1.575217681	0
2854	1.575769808	0
2855	1.576321935	0
2856	1.576874062	0
2857	1.577426188	0
2858	1.577978315	0
2859	1.578530442	0
2860	1.579082569	1
2861	1.579634696	0
2862	1.580186822	0
2863	1.580738949	0
2864	1.581291076	0
2865	1.581843203	0
2866	1.582395329	0
2867	1.582947456	0
2868	1.583499583	0
2869	1.58405171	1
2870	1.584603837	0
2871	1.585155963	0
2872	1.58570809	0
2873	1.586260217	0
2874	1.586812344	0
2875	1.58736447	0
2876	1.587916597	0
2877	1.588468724	0
2878	1.589020851	0
2879	1.589572977	0
2880	1.590125104	0
2881	1.590677231	0
2882	1.591229358	0
2883	1.591781485	0
2884	1.592333611	0
2885	1.592885738	0
2886	1.593437865	0
2887	1.593989992	0
2888	1.594542118	0
2889	1.595094245	1
2890	1.595646372	0
2891	1.596198499	0
2892	1.596750626	0
2893	1.597302752	0
2894	1.597854879	0
2895	1.598407006	1
2896	1.598959133	1
2897	1.599511259	0
2898	1.600063386	0
2899	1.600615513	0
2900	1.60116764	0
2901	1.601719766	0
2902	1.602271893	0
2903	1.60282402	0
2904	1.603376147	0
2905	1.603928274	0
2906	1.6044804	0
2907	1.605032527	0
2908	1.605584654	0
2909	1.606136781	0
2910	1.606688907	0
2911	1.607241034	0
2912	1.607793161	1
2913	1.608345288	1
2914	1.608897415	1
2915	1.609449541	0
2916	1.610001668	0
2917	1.610553795	0
2918	1.611105922	0
2919	1.611658048	0
2920	1.612210175	1
2921	1.612762302	0
2922	1.613314429	1
2923	1.613866555	0
2924	1.614418682	0
2925	1.614970809	2
2926	1.615522936	1
2927	1.616075063	0
2928	1.616627189	0
2929	1.617179316	0
2930	1.617731443	0
2931	1.61828357	0
2932	1.618835696	0
2933	1.619387823	0
2934	1.61993995	0
2935	1.620492077	0
2936	1.621044204	0
2937	1.62159633	0
2938	1.622148457	0
2939	1.622700584	0
2940	1.623252711	1
2941	1.623804837	0
2942	1.624356964	0
2943	1.624909091	0
2944	1.625461218	0
2945	1.626013344	0
2946	1.626565471	0
2947	1.627117598	0
2948	1.627669725	0
2949	1.628221852	0
2950	1.628773978	0
2951	1.629326105	0
2952	1.629878232	0
2953	1.630430359	0
2954	1.630982485	0
2955	1.631534612	0
2956	1.632086739	0
2957	1.632638866	0
2958	1.633190992	0
2959	1.633743119	0
2960	1.634295246	0
2961	1.634847373	0
2962	1.6353995	0
2963	1.635951626	0
2964	1.636503753	1
2965	1.63705588	0
2966	1.637608007	0
2967	1.638160133	0
2968	1.63871226	1
2969	1.639264387	1
2970	1.639816514	0
2971	1.640368641	0
2972	1.640920767	0
2973	1.641472894	0
2974	1.642025021	0
2975	1.642577148	0
2976	1.643129274	0
2977	1.643681401	0
2978	1.644233528	0
2979	1.644785655	0
2980	1.645337781	0
2981	1.645889908	0
2982	1.646442035	0
2983	1.646994162	1
2984	1.647546289	0
2985	1.648098415	0
2986	1.648650542	0
2987	1.649202669	0
2988	1.649754796	0
2989	1.650306922	0
2990	1.650859049	0
2991	1.651411176	0
2992	1.651963303	0
2993	1.65251543	0
2994	1.653067556	0
2995	1.653619683	0
2996	1.65417181	0
2997	1.654723937	0
2998	1.655276063	0
2999	1.65582819	0
3000	1.656380317	0
3001	1.656932444	0
3002	1.65748457	0
3003	1.658036697	1
3004	1.658588824	0
3005	1.659140951	0
3006	1.659693078	1
3007	1.660245204	0
3008	1.660797331	0
3009	1.661349458	0
3010	1.661901585	0
3011	1.662453711	0
3012	1.663005838	0
3013	1.663557965	0
3014	1.664110092	0
3015	1.664662219	0
3016	1.665214345	0
3017	1.665766472	0
3018	1.666318599	0
3019	1.666870726	0
3020	1.667422852	0
3021	1.667974979	1
3022	1.668527106	0
3023	1.669079233	0
3024	1.669631359	0
3025	1.670183486	0
3026	1.670735613	0
3027	1.67128774	0
3028	1.671839867	0
3029	1.672391993	1
3030	1.67294412	1
3031	1.673496247	1
3032	1.674048374	0
3033	1.6746005	0
3034	1.675152627	2
3035	1.675704754	0
3036	1.676256881	0
3037	1.676809008	0
3038	1.677361134	1
3039	1.677913261	1
3040	1.678465388	1
3041	1.679017515	0
3042	1.679569641	0
3043	1.680121768	0
3044	1.680673895	0
3045	1.681226022	0
3046	1.681778148	0
3047	1.682330275	0
3048	1.682882402	0
3049	1.683434529	0
3050	1.683986656	0
3051	1.684538782	0
3052	1.685090909	0
3053	1.685643036	0
3054	1.686195163	0
3055	1.686747289	1
3056	1.687299416	0
3057	1.687851543	0
3058	1.68840367	0
3059	1.688955796	0
3060	1.689507923	0
3061	1.69006005	0
3062	1.690612177	1
3063	1.691164304	0
3064	1.69171643	1
3065	1.692268557	0
3066	1.692820684	0
3067	1.693372811	0
3068	1.693924937	0
3069	1.694477064	0
3070	1.695029191	0
3071	1.695581318	0
3072	1.696133445	0
3073	1.696685571	0
3074	1.697237698	0
3075	1.697789825	0
3076	1.698341952	0
3077	1.698894078	0
3078	1.699446205	0
3079	1.699998332	0
3080	1.700550459	0
3081	1.701102585	0
3082	1.701654712	0
3083	1.702206839	0
3084	1.702758966	1
3085	1.703311093	0
3086	1.703863219	0
3087	1.704415346	0
3088	1.704967473	0
3089	1.7055196	1
3090	1.706071726	0
3091	1.706623853	0
3092	1.70717598	0
3093	1.707728107	0
3094	1.708280234	1
3095	1.70883236	0
3096	1.709384487	1
3097	1.709936614	0
3098	1.710488741	0
3099	1.711040867	1
3100	1.711592994	0
3101	1.712145121	0
3102	1.712697248	1
3103	1.713249374	0
3104	1.713801501	0
3105	1.714353628	0
3106	1.714905755	2
3107	1.715457882	0
3108	1.716010008	0
3109	1.716562135	0
3110	1.717114262	0
3111	1.717666389	0
3112	1.718218515	0
3113	1.718770642	0
3114	1.719322769	0
3115	1.719874896	0
3116	1.720427023	0
3117	1.720979149	0
3118	1.721531276	0
3119	1.722083403	0
3120	1.72263553	0
3121	1.723187656	0
3122	1.723739783	0
3123	1.72429191	1
3124	1.724844037	2
3125	1.725396163	0
3126	1.72594829	1
3127	1.726500417	0
3128	1.727052544	1
3129	1.727604671	0
3130	1.728156797	0
3131	1.728708924	0
3132	1.729261051	0
3133	1.729813178	1
3134	1.730365304	0
3135	1.730917431	0
3136	1.731469558	0
3137	1.732021685	0
3138	1.732573812	1
3139	1.733125938	0
3140	1.733678065	0
3141	1.734230192	0
3142	1.734782319	0
3143	1.735334445	0
3144	1.735886572	0
3145	1.736438699	0
3146	1.736990826	0
3147	1.737542952	0
3148	1.738095079	0
3149	1.738647206	0
3150	1.739199333	0
3151	1.73975146	0
3152	1.740303586	0
3153	1.740855713	0
3154	1.74140784	0
3155	1.741959967	1
3156	1.742512093	0
3157	1.74306422	0
3158	1.743616347	0
3159	1.744168474	0
3160	1.744720601	0
3161	1.745272727	0
3162	1.745824854	0
3163	1.746376981	0
3164	1.746929108	0
3165	1.747481234	0
3166	1.748033361	0
3167	1.748585488	0
3168	1.749137615	0
3169	1.749689741	0
3170	1.750241868	0
3171	1.750793995	0
3172	1.751346122	1
3173	1.751898249	0
3174	1.752450375	0
3175	1.753002502	0
3176	1.753554629	0
3177	1.754106756	0
3178	1.754658882	0
3179	1.755211009	0
3180	1.755763136	0
3181	1.756315263	0
3182	1.756867389	0
3183	1.757419516	0
3184	1.757971643	0
3185	1.75852377	0
3186	1.759075897	0
3187	1.759628023	0
3188	1.76018015	0
3189	1.760732277	0
3190	1.761284404	0
3191	1.76183653	0
3192	1.762388657	0
3193	1.762940784	0
3194	1.763492911	0
3195	1.764045038	0
3196	1.764597164	1
3197	1.765149291	0
3198	1.765701418	0
3199	1.766253545	0
3200	1.766805671	0
3201	1.767357798	0
3202	1.767909925	0
3203	1.768462052	0
3204	1.769014178	0
3205	1.769566305	0
3206	1.770118432	0
3207	1.770670559	0
3208	1.771222686	0
3209	1.771774812	0
3210	1.772326939	0
3211	1.772879066	0
3212	1.773431193	0
3213	1.773983319	0
3214	1.774535446	0
3215	1.775087573	0
3216	1.7756397	0
3217	1.776191827	0
3218	1.776743953	0
3219	1.77729608	0
3220	1.777848207	0
3221	1.778400334	0
3222	1.77895246	0
3223	1.779504587	0
3224	1.780056714	0
3225	1.780608841	0
3226	1.781160967	0
3227	1.781713094	0
3228	1.782265221	0
3229	1.782817348	0
3230	1.783369475	0
3231	1.783921601	0
3232	1.784473728	0
3233	1.785025855	0
3234	1.785577982	0
3235	1.786130108	0
3236	1.786682235	0
3237	1.787234362	0
3238	1.787786489	0
3239	1.788338616	0
3240	1.788890742	0
3241	1.789442869	0
3242	1.789994996	0
3243	1.790547123	0
3244	1.791099249	0
3245	1.791651376	1
3246	1.792203503	0
3247	1.79275563	0
3248	1.793307756	0
3249	1.793859883	0
3250	1.79441201	0
3251	1.794964137	0
3252	1.795516264	0
3253	1.79606839	0
3254	1.796620517	0
3255	1.797172644	0
3256	1.797724771	0
3257	1.798276897	0
3258	1.798829024	0
3259	1.799381151	1
3260	1.799933278	0
3261	1.800485405	0
3262	1.801037531	0
3263	1.801589658	0
3264	1.802141785	1
3265	1.802693912	0
3266	1.803246038	0
3267	1.803798165	0
3268	1.804350292	0
3269	1.804902419	0
3270	1.805454545	0
3271	1.806006672	0
3272	1.806558799	0
3273	1.807110926	1
3274	1.807663053	0
3275	1.808215179	0
3276	1.808767306	0
3277	1.809319433	0
3278	1.80987156	0
3279	1.810423686	0
3280	1.810975813	0
3281	1.81152794	0
3282	1.812080067	0
3283	1.812632193	0
3284	1.81318432	0
3285	1.813736447	1
3286	1.814288574	0
3287	1.814840701	0
3288	1.815392827	0
3289	1.815944954	0
3290	1.816497081	0
3291	1.817049208	0
3292	1.817601334	0
3293	1.818153461	0
3294	1.818705588	1
3295	1.819257715	0
3296	1.819809842	0
3297	1.820361968	0
3298	1.820914095	0
3299	1.821466222	0
3300	1.822018349	0
3301	1.822570475	0
3302	1.823122602	0
3303	1.823674729	0
3304	1.824226856	0
3305	1.824778982	1
3306	1.825331109	0
3307	1.825883236	0
3308	1.826435363	0
3309	1.82698749	0
3310	1.827539616	0
3311	1.828091743	1
3312	1.82864387	0
3313	1.829195997	0
3314	1.829748123	1
3315	1.83030025	1
3316	1.830852377	1
3317	1.831404504	0
3318	1.831956631	0
3319	1.832508757	0
3320	1.833060884	0
3321	1.833613011	0
3322	1.834165138	1
3323	1.834717264	0
3324	1.835269391	0
3325	1.835821518	0
3326	1.836373645	0
3327	1.836925771	0
3328	1.837477898	0
3329	1.838030025	0
3330	1.838582152	0
3331	1.839134279	0
3332	1.839686405	0
3333	1.840238532	1
3334	1.840790659	0
3335	1.841342786	0
3336	1.841894912	0
3337	1.842447039	0
3338	1.842999166	0
3339	1.843551293	0
3340	1.84410342	0
3341	1.844655546	0
3342	1.845207673	0
3343	1.8457598	0
3344	1.846311927	0
3345	1.846864053	0
3346	1.84741618	0
3347	1.847968307	0
3348	1.848520434	0
3349	1.84907256	0
3350	1.849624687	0
3351	1.850176814	0
3352	1.850728941	0
3353	1.851281068	0
3354	1.851833194	0
3355	1.852385321	0
3356	1.852937448	0
3357	1.853489575	0
3358	1.854041701	0
3359	1.854593828	0
3360	1.855145955	0
3361	1.855698082	0
3362	1.856250209	0
3363	1.856802335	0
3364	1.857354462	0
3365	1.857906589	0
3366	1.858458716	0
3367	1.859010842	0
3368	1.859562969	0
3369	1.860115096	0
3370	1.860667223	0
3371	1.861219349	0
3372	1.861771476	0
3373	1.862323603	0
3374	1.86287573	0
3375	1.863427857	0
3376	1.863979983	0
3377	1.86453211	0
3378	1.865084237	0
3379	1.865636364	0
3380	1.86618849	0
3381	1.866740617	0
3382	1.867292744	0
3383	1.867844871	0
3384	1.868396997	0
3385	1.868949124	0
3386	1.869501251	0
3387	1.870053378	0
3388	1.870605505	0
3389	1.871157631	0
3390	1.871709758	0
3391	1.872261885	0
3392	1.872814012	0
3393	1.873366138	0
3394	1.873918265	0
3395	1.874470392	0
3396	1.875022519	0
3397	1.875574646	0
3398	1.876126772	0
3399	1.876678899	0
3400	1.877231026	0
3401	1.877783153	0
3402	1.878335279	0
3403	1.878887406	0
3404	1.879439533	0
3405	1.87999166	1
3406	1.880543786	0
3407	1.881095913	0
3408	1.88164804	0
3409	1.882200167	0
3410	1.882752294	0
3411	1.88330442	0
3412	1.883856547	0
3413	1.884408674	0
3414	1.884960801	0
3415	1.885512927	0
3416	1.886065054	0
3417	1.886617181	0
3418	1.887169308	0
3419	1.887721435	0
3420	1.888273561	0
3421	1.888825688	0
3422	1.889377815	0
3423	1.889929942	0
3424	1.890482068	0
3425	1.891034195	0
3426	1.891586322	0
3427	1.892138449	0
3428	1.892690575	0
3429	1.893242702	0
3430	1.893794829	0
3431	1.894346956	0
3432	1.894899083	0
3433	1.895451209	0
3434	1.896003336	0
3435	1.896555463	0
3436	1.89710759	0
3437	1.897659716	0
3438	1.898211843	0
3439	1.89876397	0
3440	1.899316097	0
3441	1.899868224	0
3442	1.90042035	0
3443	1.900972477	0
3444	1.901524604	0
3445	1.902076731	0
3446	1.902628857	0
3447	1.903180984	0
3448	1.903733111	0
3449	1.904285238	0
3450	1.904837364	0
3451	1.905389491	0
3452	1.905941618	0
3453	1.906493745	0
3454	1.907045872	0
3455	1.907597998	0
3456	1.908150125	0
3457	1.908702252	0
3458	1.909254379	1
3459	1.909806505	0
3460	1.910358632	0
3461	1.910910759	0
3462	1.911462886	0
3463	1.912015013	0
3464	1.912567139	0
3465	1.913119266	0
3466	1.913671393	0
3467	1.91422352	0
3468	1.914775646	0
3469	1.915327773	0
3470	1.9158799	0
3471	1.916432027	0
3472	1.916984153	1
3473	1.91753628	0
3474	1.918088407	0
3475	1.918640534	0
3476	1.919192661	0
3477	1.919744787	0
3478	1.920296914	0
3479	1.920849041	0
3480	1.921401168	0
3481	1.921953294	0
3482	1.922505421	0
3483	1.923057548	0
3484	1.923609675	0
3485	1.924161802	0
3486	1.924713928	0
3487	1.925266055	0
3488	1.925818182	0
3489	1.926370309	0
3490	1.926922435	0
3491	1.927474562	0
3492	1.928026689	0
3493	1.928578816	0
3494	1.929130942	0
3495	1.929683069	0
3496	1.930235196	0
3497	1.930787323	0
3498	1.93133945	0
3499	1.931891576	0
3500	1.932443703	0
3501	1.93299583	0
3502	1.933547957	0
3503	1.934100083	1
3504	1.93465221	0
3505	1.935204337	0
3506	1.935756464	0
3507	1.93630859	1
3508	1.936860717	0
3509	1.937412844	0
3510	1.937964971	0
3511	1.938517098	0
3512	1.939069224	0
3513	1.939621351	0
3514	1.940173478	0
3515	1.940725605	0
3516	1.941277731	0
3517	1.941829858	0
3518	1.942381985	0
3519	1.942934112	0
3520	1.943486239	0
3521	1.944038365	1
3522	1.944590492	0
3523	1.945142619	0
3524	1.945694746	0
3525	1.946246872	0
3526	1.946798999	1
3527	1.947351126	0
3528	1.947903253	0
3529	1.948455379	0
3530	1.949007506	0
3531	1.949559633	0
3532	1.95011176	0
3533	1.950663887	0
3534	1.951216013	0
3535	1.95176814	0
3536	1.952320267	0
3537	1.952872394	0
3538	1.95342452	0
3539	1.953976647	0
3540	1.954528774	0
3541	1.955080901	0
3542	1.955633028	0
3543	1.956185154	0
3544	1.956737281	0
3545	1.957289408	0
3546	1.957841535	0
3547	1.958393661	0
3548	1.958945788	0
3549	1.959497915	0
3550	1.960050042	0
3551	1.960602168	0
3552	1.961154295	0
3553	1.961706422	0
3554	1.962258549	0
3555	1.962810676	0
3556	1.963362802	0
3557	1.963914929	0
3558	1.964467056	1
3559	1.965019183	0
3560	1.965571309	0
3561	1.966123436	0
3562	1.966675563	0
3563	1.96722769	0
3564	1.967779817	0
3565	1.968331943	1
3566	1.96888407	0
3567	1.969436197	0
3568	1.969988324	0
3569	1.97054045	0
3570	1.971092577	0
3571	1.971644704	0
3572	1.972196831	1
3573	1.972748957	0
3574	1.973301084	0
3575	1.973853211	1
3576	1.974405338	0
3577	1.974957465	0
3578	1.975509591	0
3579	1.976061718	0
3580	1.976613845	0
3581	1.977165972	0
3582	1.977718098	0
3583	1.978270225	0
3584	1.978822352	0
3585	1.979374479	0
3586	1.979926606	0
3587	1.980478732	0
3588	1.981030859	0
3589	1.981582986	0
3590	1.982135113	0
3591	1.982687239	0
3592	1.983239366	0
3593	1.983791493	0
3594	1.98434362	0
3595	1.984895746	0
3596	1.985447873	0
3597	1.986		0
3598	1.986552127	0
3599	1.987104254	0
3600	1.98765638	0
3601	1.988208507	0
3602	1.988760634	0
3603	1.989312761	0
3604	1.989864887	0
3605	1.990417014	0
3606	1.990969141	0
3607	1.991521268	1
3608	1.992073394	0
3609	1.992625521	0
3610	1.993177648	0
3611	1.993729775	0
3612	1.994281902	0
3613	1.994834028	0
3614	1.995386155	0
3615	1.995938282	0
3616	1.996490409	0
3617	1.997042535	0
3618	1.997594662	1
3619	1.998146789	0
3620	1.998698916	0
3621	1.999251043	0
3622	1.999803169	0
3623	2.000355296	0
3624	2.000907423	0
3625	2.00145955	1
3626	2.002011676	0
3627	2.002563803	0
3628	2.00311593	0
3629	2.003668057	0
3630	2.004220183	0
3631	2.00477231	0
3632	2.005324437	0
3633	2.005876564	0
3634	2.006428691	0
3635	2.006980817	0
3636	2.007532944	0
3637	2.008085071	0
3638	2.008637198	0
3639	2.009189324	0
3640	2.009741451	0
3641	2.010293578	0
3642	2.010845705	0
3643	2.011397832	0
3644	2.011949958	0
3645	2.012502085	0
3646	2.013054212	0
3647	2.013606339	0
3648	2.014158465	0
3649	2.014710592	0
3650	2.015262719	0
3651	2.015814846	0
3652	2.016366972	0
3653	2.016919099	0
3654	2.017471226	0
3655	2.018023353	0
3656	2.01857548	0
3657	2.019127606	0
3658	2.019679733	0
3659	2.02023186	0
3660	2.020783987	0
3661	2.021336113	0
3662	2.02188824	0
3663	2.022440367	0
3664	2.022992494	0
3665	2.023544621	2
3666	2.024096747	0
3667	2.024648874	0
3668	2.025201001	1
3669	2.025753128	0
3670	2.026305254	0
3671	2.026857381	0
3672	2.027409508	0
3673	2.027961635	0
3674	2.028513761	0
3675	2.029065888	0
3676	2.029618015	0
3677	2.030170142	0
3678	2.030722269	0
3679	2.031274395	0
3680	2.031826522	0
3681	2.032378649	0
3682	2.032930776	0
3683	2.033482902	0
3684	2.034035029	0
3685	2.034587156	0
3686	2.035139283	0
3687	2.03569141	1
3688	2.036243536	0
3689	2.036795663	0
3690	2.03734779	1
3691	2.037899917	0
3692	2.038452043	0
3693	2.03900417	0
3694	2.039556297	1
3695	2.040108424	0
3696	2.04066055	0
3697	2.041212677	0
3698	2.041764804	0
3699	2.042316931	0
3700	2.042869058	0
3701	2.043421184	0
3702	2.043973311	0
3703	2.044525438	1
3704	2.045077565	0
3705	2.045629691	0
3706	2.046181818	0
3707	2.046733945	0
3708	2.047286072	0
3709	2.047838198	0
3710	2.048390325	2
3711	2.048942452	0
3712	2.049494579	0
3713	2.050046706	0
3714	2.050598832	0
3715	2.051150959	1
3716	2.051703086	0
3717	2.052255213	0
3718	2.052807339	0
3719	2.053359466	0
3720	2.053911593	0
3721	2.05446372	0
3722	2.055015847	0
3723	2.055567973	0
3724	2.0561201	0
3725	2.056672227	1
3726	2.057224354	0
3727	2.05777648	0
3728	2.058328607	0
3729	2.058880734	0
3730	2.059432861	0
3731	2.059984987	0
3732	2.060537114	1
3733	2.061089241	0
3734	2.061641368	0
3735	2.062193495	0
3736	2.062745621	0
3737	2.063297748	0
3738	2.063849875	1
3739	2.064402002	0
3740	2.064954128	0
3741	2.065506255	0
3742	2.066058382	0
3743	2.066610509	0
3744	2.067162636	0
3745	2.067714762	0
3746	2.068266889	0
3747	2.068819016	0
3748	2.069371143	0
3749	2.069923269	0
3750	2.070475396	0
3751	2.071027523	0
3752	2.07157965	0
3753	2.072131776	0
3754	2.072683903	0
3755	2.07323603	0
3756	2.073788157	0
3757	2.074340284	1
3758	2.07489241	0
3759	2.075444537	0
3760	2.075996664	0
3761	2.076548791	0
3762	2.077100917	0
3763	2.077653044	0
3764	2.078205171	0
3765	2.078757298	0
3766	2.079309425	0
3767	2.079861551	0
3768	2.080413678	0
3769	2.080965805	0
3770	2.081517932	0
3771	2.082070058	0
3772	2.082622185	0
3773	2.083174312	0
3774	2.083726439	1
3775	2.084278565	0
3776	2.084830692	0
3777	2.085382819	0
3778	2.085934946	1
3779	2.086487073	0
3780	2.087039199	0
3781	2.087591326	0
3782	2.088143453	0
3783	2.08869558	1
3784	2.089247706	0
3785	2.089799833	0
3786	2.09035196	0
3787	2.090904087	0
3788	2.091456214	0
3789	2.09200834	0
3790	2.092560467	0
3791	2.093112594	1
3792	2.093664721	1
3793	2.094216847	0
3794	2.094768974	0
3795	2.095321101	0
3796	2.095873228	0
3797	2.096425354	0
3798	2.096977481	0
3799	2.097529608	0
3800	2.098081735	0
3801	2.098633862	0
3802	2.099185988	0
3803	2.099738115	0
3804	2.100290242	0
3805	2.100842369	0
3806	2.101394495	1
3807	2.101946622	0
3808	2.102498749	0
3809	2.103050876	0
3810	2.103603003	0
3811	2.104155129	0
3812	2.104707256	0
3813	2.105259383	0
3814	2.10581151	0
3815	2.106363636	0
3816	2.106915763	0
3817	2.10746789	0
3818	2.108020017	0
3819	2.108572143	0
3820	2.10912427	1
3821	2.109676397	0
3822	2.110228524	1
3823	2.110780651	0
3824	2.111332777	0
3825	2.111884904	0
3826	2.112437031	0
3827	2.112989158	0
3828	2.113541284	1
3829	2.114093411	1
3830	2.114645538	0
3831	2.115197665	0
3832	2.115749791	0
3833	2.116301918	0
3834	2.116854045	0
3835	2.117406172	0
3836	2.117958299	0
3837	2.118510425	0
3838	2.119062552	0
3839	2.119614679	0
3840	2.120166806	0
3841	2.120718932	0
3842	2.121271059	0
3843	2.121823186	0
3844	2.122375313	0
3845	2.12292744	0
3846	2.123479566	1
3847	2.124031693	0
3848	2.12458382	0
3849	2.125135947	0
3850	2.125688073	0
3851	2.1262402	0
3852	2.126792327	0
3853	2.127344454	0
3854	2.12789658	0
3855	2.128448707	0
3856	2.129000834	0
3857	2.129552961	0
3858	2.130105088	0
3859	2.130657214	0
3860	2.131209341	0
3861	2.131761468	0
3862	2.132313595	0
3863	2.132865721	0
3864	2.133417848	0
3865	2.133969975	0
3866	2.134522102	0
3867	2.135074229	0
3868	2.135626355	0
3869	2.136178482	0
3870	2.136730609	0
3871	2.137282736	0
3872	2.137834862	0
3873	2.138386989	0
3874	2.138939116	0
3875	2.139491243	0
3876	2.140043369	0
3877	2.140595496	0
3878	2.141147623	0
3879	2.14169975	0
3880	2.142251877	0
3881	2.142804003	0
3882	2.14335613	0
3883	2.143908257	0
3884	2.144460384	0
3885	2.14501251	0
3886	2.145564637	0
3887	2.146116764	0
3888	2.146668891	0
3889	2.147221018	0
3890	2.147773144	0
3891	2.148325271	0
3892	2.148877398	0
3893	2.149429525	0
3894	2.149981651	1
3895	2.150533778	0
3896	2.151085905	0
3897	2.151638032	0
3898	2.152190158	0
3899	2.152742285	0
3900	2.153294412	0
3901	2.153846539	0
3902	2.154398666	0
3903	2.154950792	0
3904	2.155502919	0
3905	2.156055046	0
3906	2.156607173	0
3907	2.157159299	0
3908	2.157711426	1
3909	2.158263553	0
3910	2.15881568	0
3911	2.159367807	0
3912	2.159919933	0
3913	2.16047206	0
3914	2.161024187	0
3915	2.161576314	0
3916	2.16212844	1
3917	2.162680567	0
3918	2.163232694	0
3919	2.163784821	0
3920	2.164336947	0
3921	2.164889074	0
3922	2.165441201	0
3923	2.165993328	0
3924	2.166545455	0
3925	2.167097581	0
3926	2.167649708	0
3927	2.168201835	0
3928	2.168753962	0
3929	2.169306088	0
3930	2.169858215	0
3931	2.170410342	0
3932	2.170962469	0
3933	2.171514595	0
3934	2.172066722	0
3935	2.172618849	0
3936	2.173170976	0
3937	2.173723103	0
3938	2.174275229	0
3939	2.174827356	1
3940	2.175379483	0
3941	2.17593161	0
3942	2.176483736	0
3943	2.177035863	1
3944	2.17758799	0
3945	2.178140117	0
3946	2.178692244	0
3947	2.17924437	0
3948	2.179796497	0
3949	2.180348624	0
3950	2.180900751	0
3951	2.181452877	0
3952	2.182005004	0
3953	2.182557131	0
3954	2.183109258	0
3955	2.183661384	0
3956	2.184213511	0
3957	2.184765638	0
3958	2.185317765	0
3959	2.185869892	0
3960	2.186422018	0
3961	2.186974145	0
3962	2.187526272	0
3963	2.188078399	1
3964	2.188630525	0
3965	2.189182652	0
3966	2.189734779	0
3967	2.190286906	0
3968	2.190839033	0
3969	2.191391159	0
3970	2.191943286	0
3971	2.192495413	0
3972	2.19304754	0
3973	2.193599666	0
3974	2.194151793	0
3975	2.19470392	0
3976	2.195256047	0
3977	2.195808173	0
3978	2.1963603	0
3979	2.196912427	0
3980	2.197464554	0
3981	2.198016681	0
3982	2.198568807	0
3983	2.199120934	0
3984	2.199673061	0
3985	2.200225188	0
3986	2.200777314	1
3987	2.201329441	0
3988	2.201881568	0
3989	2.202433695	0
3990	2.202985822	0
3991	2.203537948	0
3992	2.204090075	0
3993	2.204642202	0
3994	2.205194329	0
3995	2.205746455	0
3996	2.206298582	0
3997	2.206850709	0
3998	2.207402836	0
3999	2.207954962	0
4000	2.208507089	0
4001	2.209059216	0
4002	2.209611343	0
4003	2.21016347	0
4004	2.210715596	0
4005	2.211267723	0
4006	2.21181985	0
4007	2.212371977	0
4008	2.212924103	1
4009	2.21347623	0
4010	2.214028357	0
4011	2.214580484	0
4012	2.215132611	0
4013	2.215684737	0
4014	2.216236864	0
4015	2.216788991	0
4016	2.217341118	0
4017	2.217893244	0
4018	2.218445371	0
4019	2.218997498	0
4020	2.219549625	0
4021	2.220101751	0
4022	2.220653878	0
4023	2.221206005	0
4024	2.221758132	0
4025	2.222310259	0
4026	2.222862385	0
4027	2.223414512	0
4028	2.223966639	0
4029	2.224518766	0
4030	2.225070892	0
4031	2.225623019	0
4032	2.226175146	0
4033	2.226727273	0
4034	2.227279399	0
4035	2.227831526	0
4036	2.228383653	0
4037	2.22893578	0
4038	2.229487907	0
4039	2.230040033	0
4040	2.23059216	1
4041	2.231144287	0
4042	2.231696414	0
4043	2.23224854	0
4044	2.232800667	0
4045	2.233352794	0
4046	2.233904921	0
4047	2.234457048	0
4048	2.235009174	0
4049	2.235561301	0
4050	2.236113428	0
4051	2.236665555	0
4052	2.237217681	0
4053	2.237769808	0
4054	2.238321935	0
4055	2.238874062	1
4056	2.239426188	0
4057	2.239978315	0
4058	2.240530442	0
4059	2.241082569	0
4060	2.241634696	0
4061	2.242186822	0
4062	2.242738949	1
4063	2.243291076	0
4064	2.243843203	0
4065	2.244395329	0
4066	2.244947456	1
4067	2.245499583	0
4068	2.24605171	0
4069	2.246603837	0
4070	2.247155963	0
4071	2.24770809	0
4072	2.248260217	0
4073	2.248812344	0
4074	2.24936447	0
4075	2.249916597	0
4076	2.250468724	0
4077	2.251020851	0
4078	2.251572977	0
4079	2.252125104	0
4080	2.252677231	0
4081	2.253229358	0
4082	2.253781485	0
4083	2.254333611	0
4084	2.254885738	0
4085	2.255437865	0
4086	2.255989992	0
4087	2.256542118	0
4088	2.257094245	0
4089	2.257646372	0
4090	2.258198499	0
4091	2.258750626	0
4092	2.259302752	0
4093	2.259854879	0
4094	2.260407006	0
4095	2.260959133	0
