0	0	0
1	5.52E-04	0
2	0.001104253545	0
3	0.001656380317	0
4	0.002208507089	0
5	0.002760633862	0
6	0.003312760634	0
7	0.003864887406	0
8	0.004417014178	3
9	0.004969140951	4
10	0.005521267723	7
11	0.006073394495	5
12	0.006625521268	12
13	0.00717764804	18
14	0.007729774812	24
15	0.008281901585	19
16	0.008834028357	32
17	0.009386155129	63
18	0.009938281902	90
19	0.01049040867	107
20	0.01104253545	124
21	0.01159466222	140
22	0.01214678899	148
23	0.01269891576	226
24	0.01325104254	427
25	0.01380316931	661
26	0.01435529608	914
27	0.01490742285	2167
28	0.01545954962	4926
29	0.0160116764	8591
30	0.01656380317	14992
31	0.01711592994	16954
32	0.01766805671	17373
33	0.01822018349	15456
34	0.01877231026	40931
35	0.01932443703	19528
36	0.0198765638	6117
37	0.02042869058	5037
38	0.02098081735	4998
39	0.02153294412	5181
40	0.02208507089	5349
41	0.02263719766	5506
42	0.02318932444	5176
43	0.02374145121	4949
44	0.02429357798	4457
45	0.02484570475	3792
46	0.02539783153	3149
47	0.0259499583	2631
48	0.02650208507	2130
49	0.02705421184	1869
50	0.02760633862	1587
51	0.02815846539	1301
52	0.02871059216	1171
53	0.02926271893	1052
54	0.0298148457	933
55	0.03036697248	909
56	0.03091909925	815
57	0.03147122602	809
58	0.03202335279	779
59	0.03257547957	769
60	0.03312760634	756
61	0.03367973311	727
62	0.03423185988	710
63	0.03478398666	714
64	0.03533611343	675
65	0.0358882402	681
66	0.03644036697	683
67	0.03699249374	674
68	0.03754462052	737
69	0.03809674729	730
70	0.03864887406	736
71	0.03920100083	817
72	0.03975312761	834
73	0.04030525438	809
74	0.04085738115	831
75	0.04140950792	818
76	0.0419616347	830
77	0.04251376147	818
78	0.04306588824	740
79	0.04361801501	728
80	0.04417014178	687
81	0.04472226856	696
82	0.04527439533	681
83	0.0458265221	644
84	0.04637864887	645
85	0.04693077565	661
86	0.04748290242	607
87	0.04803502919	637
88	0.04858715596	679
89	0.04913928274	680
90	0.04969140951	610
91	0.05024353628	648
92	0.05079566305	649
93	0.05134778982	663
94	0.0518999166	637
95	0.05245204337	642
96	0.05300417014	667
97	0.05355629691	660
98	0.05410842369	702
99	0.05466055046	677
100	0.05521267723	661
101	0.055764804	659
102	0.05631693078	693
103	0.05686905755	662
104	0.05742118432	654
105	0.05797331109	655
106	0.05852543786	637
107	0.05907756464	675
108	0.05962969141	673
109	0.06018181818	658
110	0.06073394495	691
111	0.06128607173	687
112	0.0618381985	631
113	0.06239032527	651
114	0.06294245204	627
115	0.06349457882	691
116	0.06404670559	705
117	0.06459883236	689
118	0.06515095913	705
119	0.0657030859	695
120	0.06625521268	722
121	0.06680733945	694
122	0.06735946622	656
123	0.06791159299	740
124	0.06846371977	770
125	0.06901584654	689
126	0.06956797331	729
127	0.07012010008	705
128	0.07067222686	705
129	0.07122435363	747
130	0.0717764804	724
131	0.07232860717	732
132	0.07288073394	766
133	0.07343286072	725
134	0.07398498749	712
135	0.07453711426	721
136	0.07508924103	723
137	0.07564136781	729
138	0.07619349458	745
139	0.07674562135	738
140	0.07729774812	711
141	0.0778498749	687
142	0.07840200167	719
143	0.07895412844	756
144	0.07950625521	768
145	0.08005838198	726
146	0.08061050876	725
147	0.08116263553	700
148	0.0817147623	734
149	0.08226688907	759
150	0.08281901585	714
151	0.08337114262	686
152	0.08392326939	697
153	0.08447539616	681
154	0.08502752294	708
155	0.08557964971	688
156	0.08613177648	715
157	0.08668390325	754
158	0.08723603003	739
159	0.0877881568	694
160	0.08834028357	730
161	0.08889241034	786
162	0.08944453711	760
163	0.08999666389	718
164	0.09054879066	676
165	0.09110091743	718
166	0.0916530442	699
167	0.09220517098	759
168	0.09275729775	715
169	0.09330942452	710
170	0.09386155129	681
171	0.09441367807	686
172	0.09496580484	760
173	0.09551793161	739
174	0.09607005838	735
175	0.09662218515	658
176	0.09717431193	687
177	0.0977264387	732
178	0.09827856547	712
179	0.09883069224	705
180	0.09938281902	706
181	0.09993494579	733
182	0.1004870726	711
183	0.1010391993	698
184	0.1015913261	661
185	0.1021434529	728
186	0.1026955796	700
187	0.1032477064	732
188	0.1037998332	663
189	0.10435196	702
190	0.1049040867	719
191	0.1054562135	681
192	0.1060083403	679
193	0.1065604671	647
194	0.1071125938	662
195	0.1076647206	688
196	0.1082168474	719
197	0.1087689741	725
198	0.1093211009	704
199	0.1098732277	704
200	0.1104253545	725
201	0.1109774812	700
202	0.111529608	727
203	0.1120817348	733
204	0.1126338616	695
205	0.1131859883	700
206	0.1137381151	660
207	0.1142902419	633
208	0.1148423686	720
209	0.1153944954	678
210	0.1159466222	750
211	0.116498749	675
212	0.1170508757	704
213	0.1176030025	724
214	0.1181551293	687
215	0.118707256	736
216	0.1192593828	684
217	0.1198115096	645
218	0.1203636364	740
219	0.1209157631	680
220	0.1214678899	705
221	0.1220200167	709
222	0.1225721435	713
223	0.1231242702	757
224	0.123676397	711
225	0.1242285238	721
226	0.1247806505	749
227	0.1253327773	680
228	0.1258849041	712
229	0.1264370309	682
230	0.1269891576	740
231	0.1275412844	704
232	0.1280934112	683
233	0.1286455379	733
234	0.1291976647	732
235	0.1297497915	670
236	0.1303019183	730
237	0.130854045	743
238	0.1314061718	705
239	0.1319582986	680
240	0.1325104254	720
241	0.1330625521	730
242	0.1336146789	765
243	0.1341668057	724
244	0.1347189324	704
245	0.1352710592	655
246	0.135823186	692
247	0.1363753128	705
248	0.1369274395	701
249	0.1374795663	645
250	0.1380316931	741
251	0.1385838198	709
252	0.1391359466	752
253	0.1396880734	717
254	0.1402402002	721
255	0.1407923269	684
256	0.1413444537	701
257	0.1418965805	713
258	0.1424487073	671
259	0.143000834	723
260	0.1435529608	668
261	0.1441050876	729
262	0.1446572143	707
263	0.1452093411	729
264	0.1457614679	661
265	0.1463135947	751
266	0.1468657214	699
267	0.1474178482	721
268	0.147969975	688
269	0.1485221018	749
270	0.1490742285	712
271	0.1496263553	699
272	0.1501784821	699
273	0.1507306088	715
274	0.1512827356	679
275	0.1518348624	682
276	0.1523869892	691
277	0.1529391159	707
278	0.1534912427	671
279	0.1540433695	708
280	0.1545954962	676
281	0.155147623	687
282	0.1556997498	739
283	0.1562518766	687
284	0.1568040033	665
285	0.1573561301	721
286	0.1579082569	629
287	0.1584603837	698
288	0.1590125104	697
289	0.1595646372	670
290	0.160116764	687
291	0.1606688907	688
292	0.1612210175	726
293	0.1617731443	730
294	0.1623252711	671
295	0.1628773978	713
296	0.1634295246	666
297	0.1639816514	671
298	0.1645337781	682
299	0.1650859049	670
300	0.1656380317	662
301	0.1661901585	647
302	0.1667422852	661
303	0.167294412	668
304	0.1678465388	707
305	0.1683986656	714
306	0.1689507923	669
307	0.1695029191	711
308	0.1700550459	676
309	0.1706071726	688
310	0.1711592994	711
311	0.1717114262	718
312	0.172263553	666
313	0.1728156797	735
314	0.1733678065	733
315	0.1739199333	754
316	0.1744720601	643
317	0.1750241868	714
318	0.1755763136	710
319	0.1761284404	684
320	0.1766805671	731
321	0.1772326939	722
322	0.1777848207	714
323	0.1783369475	697
324	0.1788890742	746
325	0.179441201	730
326	0.1799933278	767
327	0.1805454545	712
328	0.1810975813	741
329	0.1816497081	747
330	0.1822018349	784
331	0.1827539616	705
332	0.1833060884	765
333	0.1838582152	752
334	0.184410342	784
335	0.1849624687	783
336	0.1855145955	763
337	0.1860667223	783
338	0.186618849	779
339	0.1871709758	713
340	0.1877231026	765
341	0.1882752294	809
342	0.1888273561	805
343	0.1893794829	774
344	0.1899316097	814
345	0.1904837364	803
346	0.1910358632	799
347	0.19158799	765
348	0.1921401168	820
349	0.1926922435	796
350	0.1932443703	834
351	0.1937964971	812
352	0.1943486239	820
353	0.1949007506	795
354	0.1954528774	813
355	0.1960050042	835
356	0.1965571309	800
357	0.1971092577	834
358	0.1976613845	811
359	0.1982135113	781
360	0.198765638	835
361	0.1993177648	817
362	0.1998698916	851
363	0.2004220183	808
364	0.2009741451	810
365	0.2015262719	788
366	0.2020783987	871
367	0.2026305254	812
368	0.2031826522	801
369	0.203734779	787
370	0.2042869058	830
371	0.2048390325	804
372	0.2053911593	846
373	0.2059432861	883
374	0.2064954128	904
375	0.2070475396	844
376	0.2075996664	888
377	0.2081517932	889
378	0.2087039199	819
379	0.2092560467	843
380	0.2098081735	842
381	0.2103603003	840
382	0.210912427	787
383	0.2114645538	875
384	0.2120166806	833
385	0.2125688073	834
386	0.2131209341	860
387	0.2136730609	842
388	0.2142251877	841
389	0.2147773144	813
390	0.2153294412	809
391	0.215881568	849
392	0.2164336947	879
393	0.2169858215	877
394	0.2175379483	798
395	0.2180900751	833
396	0.2186422018	834
397	0.2191943286	823
398	0.2197464554	794
399	0.2202985822	754
400	0.2208507089	849
401	0.2214028357	792
402	0.2219549625	891
403	0.2225070892	804
404	0.223059216	838
405	0.2236113428	845
406	0.2241634696	827
407	0.2247155963	838
408	0.2252677231	787
409	0.2258198499	768
410	0.2263719766	785
411	0.2269241034	831
412	0.2274762302	805
413	0.228028357	791
414	0.2285804837	795
415	0.2291326105	792
416	0.2296847373	813
417	0.2302368641	767
418	0.2307889908	759
419	0.2313411176	739
420	0.2318932444	753
421	0.2324453711	789
422	0.2329974979	811
423	0.2335496247	777
424	0.2341017515	751
425	0.2346538782	788
426	0.235206005	809
427	0.2357581318	776
428	0.2363102585	758
429	0.2368623853	753
430	0.2374145121	727
431	0.2379666389	795
432	0.2385187656	799
433	0.2390708924	769
434	0.2396230192	774
435	0.240175146	794
436	0.2407272727	712
437	0.2412793995	717
438	0.2418315263	698
439	0.242383653	720
440	0.2429357798	746
441	0.2434879066	677
442	0.2440400334	716
443	0.2445921601	710
444	0.2451442869	720
445	0.2456964137	766
446	0.2462485405	742
447	0.2468006672	710
448	0.247352794	694
449	0.2479049208	692
450	0.2484570475	718
451	0.2490091743	669
452	0.2495613011	723
453	0.2501134279	733
454	0.2506655546	706
455	0.2512176814	726
456	0.2517698082	670
457	0.2523219349	687
458	0.2528740617	710
459	0.2534261885	705
460	0.2539783153	657
461	0.254530442	710
462	0.2550825688	699
463	0.2556346956	648
464	0.2561868224	703
465	0.2567389491	709
466	0.2572910759	684
467	0.2578432027	689
468	0.2583953294	687
469	0.2589474562	666
470	0.259499583	727
471	0.2600517098	693
472	0.2606038365	710
473	0.2611559633	664
474	0.2617080901	673
475	0.2622602168	637
476	0.2628123436	670
477	0.2633644704	699
478	0.2639165972	660
479	0.2644687239	632
480	0.2650208507	622
481	0.2655729775	671
482	0.2661251043	645
483	0.266677231	656
484	0.2672293578	700
485	0.2677814846	601
486	0.2683336113	624
487	0.2688857381	660
488	0.2694378649	651
489	0.2699899917	662
490	0.2705421184	608
491	0.2710942452	607
492	0.271646372	691
493	0.2721984987	649
494	0.2727506255	594
495	0.2733027523	622
496	0.2738548791	655
497	0.2744070058	665
498	0.2749591326	663
499	0.2755112594	624
500	0.2760633862	638
501	0.2766155129	600
502	0.2771676397	636
503	0.2777197665	650
504	0.2782718932	627
505	0.27882402	608
506	0.2793761468	587
507	0.2799282736	620
508	0.2804804003	604
509	0.2810325271	607
510	0.2815846539	627
511	0.2821367807	600
512	0.2826889074	609
513	0.2832410342	619
514	0.283793161	667
515	0.2843452877	628
516	0.2848974145	636
517	0.2854495413	616
518	0.2860016681	600
519	0.2865537948	599
520	0.2871059216	577
521	0.2876580484	575
522	0.2882101751	562
523	0.2887623019	606
524	0.2893144287	592
525	0.2898665555	623
526	0.2904186822	594
527	0.290970809	630
528	0.2915229358	624
529	0.2920750626	592
530	0.2926271893	571
531	0.2931793161	591
532	0.2937314429	614
533	0.2942835696	599
534	0.2948356964	600
535	0.2953878232	553
536	0.29593995	586
537	0.2964920767	607
538	0.2970442035	593
539	0.2975963303	628
540	0.298148457	564
541	0.2987005838	580
542	0.2992527106	554
543	0.2998048374	519
544	0.3003569641	568
545	0.3009090909	561
546	0.3014612177	591
547	0.3020133445	583
548	0.3025654712	556
549	0.303117598	565
550	0.3036697248	564
551	0.3042218515	567
552	0.3047739783	539
553	0.3053261051	535
554	0.3058782319	565
555	0.3064303586	537
556	0.3069824854	555
557	0.3075346122	529
558	0.3080867389	580
559	0.3086388657	568
560	0.3091909925	529
561	0.3097431193	550
562	0.310295246	545
563	0.3108473728	516
564	0.3113994996	536
565	0.3119516264	567
566	0.3125037531	565
567	0.3130558799	527
568	0.3136080067	565
569	0.3141601334	573
570	0.3147122602	548
571	0.315264387	574
572	0.3158165138	564
573	0.3163686405	552
574	0.3169207673	540
575	0.3174728941	514
576	0.3180250209	545
577	0.3185771476	503
578	0.3191292744	506
579	0.3196814012	559
580	0.3202335279	533
581	0.3207856547	538
582	0.3213377815	507
583	0.3218899083	515
584	0.322442035	504
585	0.3229941618	548
586	0.3235462886	562
587	0.3240984153	500
588	0.3246505421	510
589	0.3252026689	552
590	0.3257547957	500
591	0.3263069224	535
592	0.3268590492	501
593	0.327411176	541
594	0.3279633028	570
595	0.3285154295	546
596	0.3290675563	517
597	0.3296196831	553
598	0.3301718098	520
599	0.3307239366	560
600	0.3312760634	507
601	0.3318281902	525
602	0.3323803169	549
603	0.3329324437	547
604	0.3334845705	527
605	0.3340366972	564
606	0.334588824	507
607	0.3351409508	505
608	0.3356930776	513
609	0.3362452043	524
610	0.3367973311	541
611	0.3373494579	530
612	0.3379015847	543
613	0.3384537114	520
614	0.3390058382	521
615	0.339557965	529
616	0.3401100917	523
617	0.3406622185	497
618	0.3412143453	482
619	0.3417664721	520
620	0.3423185988	488
621	0.3428707256	506
622	0.3434228524	473
623	0.3439749791	515
624	0.3445271059	495
625	0.3450792327	476
626	0.3456313595	511
627	0.3461834862	552
628	0.346735613	474
629	0.3472877398	502
630	0.3478398666	482
631	0.3483919933	516
632	0.3489441201	526
633	0.3494962469	526
634	0.3500483736	538
635	0.3506005004	499
636	0.3511526272	492
637	0.351704754	534
638	0.3522568807	518
639	0.3528090075	473
640	0.3533611343	522
641	0.3539132611	519
642	0.3544653878	504
643	0.3550175146	538
644	0.3555696414	516
645	0.3561217681	484
646	0.3566738949	542
647	0.3572260217	483
648	0.3577781485	541
649	0.3583302752	502
650	0.358882402	494
651	0.3594345288	521
652	0.3599866555	516
653	0.3605387823	506
654	0.3610909091	501
655	0.3616430359	467
656	0.3621951626	521
657	0.3627472894	467
658	0.3632994162	480
659	0.363851543	487
660	0.3644036697	492
661	0.3649557965	498
662	0.3655079233	521
663	0.36606005	477
664	0.3666121768	502
665	0.3671643036	446
666	0.3677164304	474
667	0.3682685571	508
668	0.3688206839	537
669	0.3693728107	490
670	0.3699249374	504
671	0.3704770642	509
672	0.371029191	540
673	0.3715813178	486
674	0.3721334445	488
675	0.3726855713	495
676	0.3732376981	484
677	0.3737898249	477
678	0.3743419516	465
679	0.3748940784	489
680	0.3754462052	494
681	0.3759983319	478
682	0.3765504587	534
683	0.3771025855	512
684	0.3776547123	471
685	0.378206839	438
686	0.3787589658	482
687	0.3793110926	486
688	0.3798632193	469
689	0.3804153461	500
690	0.3809674729	501
691	0.3815195997	513
692	0.3820717264	453
693	0.3826238532	470
694	0.38317598	476
695	0.3837281068	467
696	0.3842802335	512
697	0.3848323603	510
698	0.3853844871	493
699	0.3859366138	506
700	0.3864887406	492
701	0.3870408674	508
702	0.3875929942	483
703	0.3881451209	454
704	0.3886972477	459
705	0.3892493745	499
706	0.3898015013	485
707	0.390353628	479
708	0.3909057548	445
709	0.3914578816	466
710	0.3920100083	530
711	0.3925621351	471
712	0.3931142619	486
713	0.3936663887	474
714	0.3942185154	520
715	0.3947706422	466
716	0.395322769	478
717	0.3958748957	468
718	0.3964270225	478
719	0.3969791493	495
720	0.3975312761	481
721	0.3980834028	512
722	0.3986355296	501
723	0.3991876564	483
724	0.3997397832	472
725	0.4002919099	489
726	0.4008440367	528
727	0.4013961635	496
728	0.4019482902	484
729	0.402500417	458
730	0.4030525438	495
731	0.4036046706	446
732	0.4041567973	466
733	0.4047089241	470
734	0.4052610509	492
735	0.4058131776	466
736	0.4063653044	521
737	0.4069174312	461
738	0.407469558	481
739	0.4080216847	461
740	0.4085738115	481
741	0.4091259383	512
742	0.4096780651	514
743	0.4102301918	504
744	0.4107823186	494
745	0.4113344454	517
746	0.4118865721	503
747	0.4124386989	497
748	0.4129908257	504
749	0.4135429525	505
750	0.4140950792	469
751	0.414647206	506
752	0.4151993328	496
753	0.4157514595	531
754	0.4163035863	496
755	0.4168557131	514
756	0.4174078399	515
757	0.4179599666	482
758	0.4185120934	451
759	0.4190642202	478
760	0.419616347	461
761	0.4201684737	502
762	0.4207206005	487
763	0.4212727273	462
764	0.421824854	504
765	0.4223769808	462
766	0.4229291076	545
767	0.4234812344	467
768	0.4240333611	471
769	0.4245854879	496
770	0.4251376147	505
771	0.4256897415	491
772	0.4262418682	514
773	0.426793995	517
774	0.4273461218	510
775	0.4278982485	518
776	0.4284503753	452
777	0.4290025021	517
778	0.4295546289	510
779	0.4301067556	463
780	0.4306588824	522
781	0.4312110092	490
782	0.4317631359	540
783	0.4323152627	486
784	0.4328673895	484
785	0.4334195163	505
786	0.433971643	485
787	0.4345237698	494
788	0.4350758966	478
789	0.4356280234	475
790	0.4361801501	510
791	0.4367322769	471
792	0.4372844037	487
793	0.4378365304	510
794	0.4383886572	484
795	0.438940784	475
796	0.4394929108	456
797	0.4400450375	462
798	0.4405971643	461
799	0.4411492911	476
800	0.4417014178	463
801	0.4422535446	465
802	0.4428056714	471
803	0.4433577982	510
804	0.4439099249	484
805	0.4444620517	461
806	0.4450141785	477
807	0.4455663053	481
808	0.446118432	506
809	0.4466705588	477
810	0.4472226856	476
811	0.4477748123	476
812	0.4483269391	437
813	0.4488790659	504
814	0.4494311927	494
815	0.4499833194	492
816	0.4505354462	456
817	0.451087573	447
818	0.4516396997	464
819	0.4521918265	473
820	0.4527439533	428
821	0.4532960801	444
822	0.4538482068	476
823	0.4544003336	414
824	0.4549524604	477
825	0.4555045872	454
826	0.4560567139	457
827	0.4566088407	434
828	0.4571609675	441
829	0.4577130942	474
830	0.458265221	438
831	0.4588173478	439
832	0.4593694746	450
833	0.4599216013	415
834	0.4604737281	401
835	0.4610258549	410
836	0.4615779817	472
837	0.4621301084	418
838	0.4626822352	411
839	0.463234362	448
840	0.4637864887	415
841	0.4643386155	369
842	0.4648907423	395
843	0.4654428691	419
844	0.4659949958	390
845	0.4665471226	372
846	0.4670992494	397
847	0.4676513761	397
848	0.4682035029	404
849	0.4687556297	401
850	0.4693077565	370
851	0.4698598832	339
852	0.47041201	401
853	0.4709641368	365
854	0.4715162636	377
855	0.4720683903	339
856	0.4726205171	325
857	0.4731726439	357
858	0.4737247706	364
859	0.4742768974	369
860	0.4748290242	349
861	0.475381151	352
862	0.4759332777	336
863	0.4764854045	350
864	0.4770375313	332
865	0.477589658	341
866	0.4781417848	353
867	0.4786939116	358
868	0.4792460384	338
869	0.4797981651	294
870	0.4803502919	331
871	0.4809024187	330
872	0.4814545455	313
873	0.4820066722	289
874	0.482558799	343
875	0.4831109258	320
876	0.4836630525	321
877	0.4842151793	310
878	0.4847673061	317
879	0.4853194329	293
880	0.4858715596	312
881	0.4864236864	284
882	0.4869758132	301
883	0.4875279399	291
884	0.4880800667	281
885	0.4886321935	263
886	0.4891843203	238
887	0.489736447	272
888	0.4902885738	267
889	0.4908407006	272
890	0.4913928274	278
891	0.4919449541	294
892	0.4924970809	272
893	0.4930492077	273
894	0.4936013344	264
895	0.4941534612	255
896	0.494705588	269
897	0.4952577148	261
898	0.4958098415	243
899	0.4963619683	262
900	0.4969140951	251
901	0.4974662219	229
902	0.4980183486	240
903	0.4985704754	238
904	0.4991226022	215
905	0.4996747289	216
906	0.5002268557	219
907	0.5007789825	220
908	0.5013311093	252
909	0.501883236	216
910	0.5024353628	230
911	0.5029874896	227
912	0.5035396163	231
913	0.5040917431	214
914	0.5046438699	219
915	0.5051959967	206
916	0.5057481234	208
917	0.5063002502	227
918	0.506852377	223
919	0.5074045038	197
920	0.5079566305	200
921	0.5085087573	219
922	0.5090608841	234
923	0.5096130108	191
924	0.5101651376	172
925	0.5107172644	226
926	0.5112693912	185
927	0.5118215179	182
928	0.5123736447	190
929	0.5129257715	203
930	0.5134778982	221
931	0.514030025	189
932	0.5145821518	190
933	0.5151342786	187
934	0.5156864053	187
935	0.5162385321	170
936	0.5167906589	176
937	0.5173427857	174
938	0.5178949124	178
939	0.5184470392	190
940	0.518999166	179
941	0.5195512927	196
942	0.5201034195	180
943	0.5206555463	180
944	0.5212076731	177
945	0.5217597998	185
946	0.5223119266	177
947	0.5228640534	178
948	0.5234161802	185
949	0.5239683069	183
950	0.5245204337	162
951	0.5250725605	178
952	0.5256246872	182
953	0.526176814	177
954	0.5267289408	175
955	0.5272810676	163
956	0.5278331943	190
957	0.5283853211	186
958	0.5289374479	169
959	0.5294895746	180
960	0.5300417014	154
961	0.5305938282	161
962	0.531145955	157
963	0.5316980817	172
964	0.5322502085	187
965	0.5328023353	171
966	0.5333544621	155
967	0.5339065888	149
968	0.5344587156	151
969	0.5350108424	177
970	0.5355629691	153
971	0.5361150959	180
972	0.5366672227	168
973	0.5372193495	157
974	0.5377714762	164
975	0.538323603	161
976	0.5388757298	144
977	0.5394278565	144
978	0.5399799833	177
979	0.5405321101	138
980	0.5410842369	157
981	0.5416363636	152
982	0.5421884904	155
983	0.5427406172	179
984	0.543292744	172
985	0.5438448707	152
986	0.5443969975	137
987	0.5449491243	153
988	0.545501251	142
989	0.5460533778	152
990	0.5466055046	148
991	0.5471576314	159
992	0.5477097581	153
993	0.5482618849	142
994	0.5488140117	140
995	0.5493661384	148
996	0.5499182652	156
997	0.550470392	155
998	0.5510225188	145
999	0.5515746455	148
1000	0.5521267723	147
1001	0.5526788991	164
1002	0.5532310259	141
1003	0.5537831526	138
1004	0.5543352794	140
1005	0.5548874062	152
1006	0.5554395329	140
1007	0.5559916597	155
1008	0.5565437865	135
1009	0.5570959133	140
1010	0.55764804	136
1011	0.5582001668	128
1012	0.5587522936	138
1013	0.5593044204	136
1014	0.5598565471	161
1015	0.5604086739	153
1016	0.5609608007	127
1017	0.5615129274	134
1018	0.5620650542	136
1019	0.562617181	149
1020	0.5631693078	153
1021	0.5637214345	132
1022	0.5642735613	142
1023	0.5648256881	137
1024	0.5653778148	141
1025	0.5659299416	133
1026	0.5664820684	143
1027	0.5670341952	137
1028	0.5675863219	122
1029	0.5681384487	159
1030	0.5686905755	140
1031	0.5692427023	126
1032	0.569794829	154
1033	0.5703469558	136
1034	0.5708990826	124
1035	0.5714512093	145
1036	0.5720033361	136
1037	0.5725554629	142
1038	0.5731075897	130
1039	0.5736597164	130
1040	0.5742118432	132
1041	0.57476397	123
1042	0.5753160967	124
1043	0.5758682235	138
1044	0.5764203503	133
1045	0.5769724771	137
1046	0.5775246038	136
1047	0.5780767306	133
1048	0.5786288574	133
1049	0.5791809842	183
1050	0.5797331109	159
1051	0.5802852377	142
1052	0.5808373645	133
1053	0.5813894912	151
1054	0.581941618	152
1055	0.5824937448	135
1056	0.5830458716	149
1057	0.5835979983	137
1058	0.5841501251	169
1059	0.5847022519	121
1060	0.5852543786	160
1061	0.5858065054	158
1062	0.5863586322	151
1063	0.586910759	130
1064	0.5874628857	142
1065	0.5880150125	166
1066	0.5885671393	137
1067	0.5891192661	167
1068	0.5896713928	140
1069	0.5902235196	144
1070	0.5907756464	159
1071	0.5913277731	134
1072	0.5918798999	158
1073	0.5924320267	159
1074	0.5929841535	143
1075	0.5935362802	189
1076	0.594088407	162
1077	0.5946405338	174
1078	0.5951926606	164
1079	0.5957447873	156
1080	0.5962969141	178
1081	0.5968490409	167
1082	0.5974011676	164
1083	0.5979532944	148
1084	0.5985054212	175
1085	0.599057548	177
1086	0.5996096747	182
1087	0.6001618015	196
1088	0.6007139283	145
1089	0.601266055	193
1090	0.6018181818	175
1091	0.6023703086	184
1092	0.6029224354	195
1093	0.6034745621	205
1094	0.6040266889	221
1095	0.6045788157	199
1096	0.6051309425	209
1097	0.6056830692	214
1098	0.606235196	190
1099	0.6067873228	212
1100	0.6073394495	191
1101	0.6078915763	221
1102	0.6084437031	229
1103	0.6089958299	243
1104	0.6095479566	221
1105	0.6101000834	230
1106	0.6106522102	242
1107	0.6112043369	243
1108	0.6117564637	238
1109	0.6123085905	264
1110	0.6128607173	295
1111	0.613412844	280
1112	0.6139649708	290
1113	0.6145170976	290
1114	0.6150692244	315
1115	0.6156213511	317
1116	0.6161734779	304
1117	0.6167256047	306
1118	0.6172777314	347
1119	0.6178298582	336
1120	0.618381985	349
1121	0.6189341118	373
1122	0.6194862385	378
1123	0.6200383653	389
1124	0.6205904921	400
1125	0.6211426188	397
1126	0.6216947456	438
1127	0.6222468724	471
1128	0.6227989992	438
1129	0.6233511259	418
1130	0.6239032527	482
1131	0.6244553795	480
1132	0.6250075063	540
1133	0.625559633	470
1134	0.6261117598	530
1135	0.6266638866	570
1136	0.6272160133	613
1137	0.6277681401	576
1138	0.6283202669	557
1139	0.6288723937	662
1140	0.6294245204	640
1141	0.6299766472	642
1142	0.630528774	658
1143	0.6310809008	671
1144	0.6316330275	741
1145	0.6321851543	767
1146	0.6327372811	729
1147	0.6332894078	748
1148	0.6338415346	794
1149	0.6343936614	786
1150	0.6349457882	830
1151	0.6354979149	845
1152	0.6360500417	891
1153	0.6366021685	947
1154	0.6371542952	930
1155	0.637706422	951
1156	0.6382585488	941
1157	0.6388106756	1011
1158	0.6393628023	1096
1159	0.6399149291	1079
1160	0.6404670559	1072
1161	0.6410191827	1114
1162	0.6415713094	1139
1163	0.6421234362	1178
1164	0.642675563	1210
1165	0.6432276897	1181
1166	0.6437798165	1270
1167	0.6443319433	1246
1168	0.6448840701	1268
1169	0.6454361968	1318
1170	0.6459883236	1401
1171	0.6465404504	1475
1172	0.6470925771	1370
1173	0.6476447039	1392
1174	0.6481968307	1483
1175	0.6487489575	1499
1176	0.6493010842	1480
1177	0.649853211	1634
1178	0.6504053378	1533
1179	0.6509574646	1584
1180	0.6515095913	1680
1181	0.6520617181	1629
1182	0.6526138449	1690
1183	0.6531659716	1639
1184	0.6537180984	1694
1185	0.6542702252	1818
1186	0.654822352	1774
1187	0.6553744787	1736
1188	0.6559266055	1821
1189	0.6564787323	1854
1190	0.657030859	1787
1191	0.6575829858	1931
1192	0.6581351126	2041
1193	0.6586872394	1903
1194	0.6592393661	2035
1195	0.6597914929	1915
1196	0.6603436197	1935
1197	0.6608957465	2088
1198	0.6614478732	2042
1199	0.662		2055
1200	0.6625521268	2000
1201	0.6631042535	2087
1202	0.6636563803	2065
1203	0.6642085071	2130
1204	0.6647606339	2013
1205	0.6653127606	2139
1206	0.6658648874	2094
1207	0.6664170142	2159
1208	0.666969141	2035
1209	0.6675212677	2150
1210	0.6680733945	2074
1211	0.6686255213	2015
1212	0.669177648	2154
1213	0.6697297748	2144
1214	0.6702819016	2167
1215	0.6708340284	2024
1216	0.6713861551	2132
1217	0.6719382819	2116
1218	0.6724904087	2105
1219	0.6730425354	2124
1220	0.6735946622	2134
1221	0.674146789	2102
1222	0.6746989158	2069
1223	0.6752510425	2111
1224	0.6758031693	2136
1225	0.6763552961	2041
1226	0.6769074229	2047
1227	0.6774595496	2072
1228	0.6780116764	2062
1229	0.6785638032	1924
1230	0.6791159299	2036
1231	0.6796680567	1886
1232	0.6802201835	1977
1233	0.6807723103	1961
1234	0.681324437	1834
1235	0.6818765638	1867
1236	0.6824286906	1807
1237	0.6829808173	1711
1238	0.6835329441	1756
1239	0.6840850709	1801
1240	0.6846371977	1774
1241	0.6851893244	1670
1242	0.6857414512	1631
1243	0.686293578	1628
1244	0.6868457048	1595
1245	0.6873978315	1483
1246	0.6879499583	1625
1247	0.6885020851	1466
1248	0.6890542118	1457
1249	0.6896063386	1476
1250	0.6901584654	1408
1251	0.6907105922	1392
1252	0.6912627189	1372
1253	0.6918148457	1321
1254	0.6923669725	1305
1255	0.6929190992	1262
1256	0.693471226	1152
1257	0.6940233528	1252
1258	0.6945754796	1121
1259	0.6951276063	1092
1260	0.6956797331	1114
1261	0.6962318599	1054
1262	0.6967839867	1045
1263	0.6973361134	1033
1264	0.6978882402	988
1265	0.698440367	971
1266	0.6989924937	963
1267	0.6995446205	883
1268	0.7000967473	891
1269	0.7006488741	911
1270	0.7012010008	811
1271	0.7017531276	794
1272	0.7023052544	762
1273	0.7028573812	772
1274	0.7034095079	725
1275	0.7039616347	711
1276	0.7045137615	677
1277	0.7050658882	673
1278	0.705618015	642
1279	0.7061701418	601
1280	0.7067222686	568
1281	0.7072743953	524
1282	0.7078265221	521
1283	0.7083786489	531
1284	0.7089307756	484
1285	0.7094829024	444
1286	0.7100350292	485
1287	0.710587156	443
1288	0.7111392827	416
1289	0.7116914095	417
1290	0.7122435363	422
1291	0.7127956631	332
1292	0.7133477898	384
1293	0.7138999166	346
1294	0.7144520434	322
1295	0.7150041701	310
1296	0.7155562969	297
1297	0.7161084237	296
1298	0.7166605505	245
1299	0.7172126772	260
1300	0.717764804	254
1301	0.7183169308	249
1302	0.7188690575	226
1303	0.7194211843	203
1304	0.7199733111	197
1305	0.7205254379	167
1306	0.7210775646	186
1307	0.7216296914	179
1308	0.7221818182	178
1309	0.722733945	137
1310	0.7232860717	142
1311	0.7238381985	144
1312	0.7243903253	128
1313	0.724942452	119
1314	0.7254945788	120
1315	0.7260467056	142
1316	0.7265988324	127
1317	0.7271509591	108
1318	0.7277030859	102
1319	0.7282552127	94
1320	0.7288073394	107
1321	0.7293594662	98
1322	0.729911593	85
1323	0.7304637198	95
1324	0.7310158465	92
1325	0.7315679733	71
1326	0.7321201001	60
1327	0.7326722269	88
1328	0.7332243536	67
1329	0.7337764804	43
1330	0.7343286072	66
1331	0.7348807339	56
1332	0.7354328607	52
1333	0.7359849875	56
1334	0.7365371143	51
1335	0.737089241	41
1336	0.7376413678	46
1337	0.7381934946	47
1338	0.7387456214	48
1339	0.7392977481	50
1340	0.7398498749	36
1341	0.7404020017	43
1342	0.7409541284	31
1343	0.7415062552	27
1344	0.742058382	31
1345	0.7426105088	37
1346	0.7431626355	27
1347	0.7437147623	33
1348	0.7442668891	32
1349	0.7448190158	37
1350	0.7453711426	34
1351	0.7459232694	26
1352	0.7464753962	36
1353	0.7470275229	33
1354	0.7475796497	29
1355	0.7481317765	30
1356	0.7486839033	28
1357	0.74923603	38
1358	0.7497881568	25
1359	0.7503402836	31
1360	0.7508924103	18
1361	0.7514445371	21
1362	0.7519966639	23
1363	0.7525487907	26
1364	0.7531009174	22
1365	0.7536530442	23
1366	0.754205171	33
1367	0.7547572977	29
1368	0.7553094245	25
1369	0.7558615513	22
1370	0.7564136781	25
1371	0.7569658048	21
1372	0.7575179316	28
1373	0.7580700584	15
1374	0.7586221852	19
1375	0.7591743119	21
1376	0.7597264387	25
1377	0.7602785655	20
1378	0.7608306922	28
1379	0.761382819	17
1380	0.7619349458	28
1381	0.7624870726	17
1382	0.7630391993	21
1383	0.7635913261	17
1384	0.7641434529	16
1385	0.7646955796	21
1386	0.7652477064	16
1387	0.7657998332	23
1388	0.76635196	15
1389	0.7669040867	18
1390	0.7674562135	21
1391	0.7680083403	18
1392	0.7685604671	17
1393	0.7691125938	23
1394	0.7696647206	26
1395	0.7702168474	29
1396	0.7707689741	21
1397	0.7713211009	35
1398	0.7718732277	15
1399	0.7724253545	19
1400	0.7729774812	10
1401	0.773529608	21
1402	0.7740817348	24
1403	0.7746338616	18
1404	0.7751859883	22
1405	0.7757381151	24
1406	0.7762902419	23
1407	0.7768423686	20
1408	0.7773944954	22
1409	0.7779466222	13
1410	0.778498749	23
1411	0.7790508757	17
1412	0.7796030025	17
1413	0.7801551293	27
1414	0.780707256	19
1415	0.7812593828	21
1416	0.7818115096	26
1417	0.7823636364	18
1418	0.7829157631	27
1419	0.7834678899	14
1420	0.7840200167	13
1421	0.7845721435	18
1422	0.7851242702	18
1423	0.785676397	18
1424	0.7862285238	26
1425	0.7867806505	17
1426	0.7873327773	21
1427	0.7878849041	17
1428	0.7884370309	19
1429	0.7889891576	24
1430	0.7895412844	20
1431	0.7900934112	18
1432	0.7906455379	22
1433	0.7911976647	22
1434	0.7917497915	19
1435	0.7923019183	19
1436	0.792854045	20
1437	0.7934061718	13
1438	0.7939582986	12
1439	0.7945104254	22
1440	0.7950625521	17
1441	0.7956146789	16
1442	0.7961668057	24
1443	0.7967189324	24
1444	0.7972710592	18
1445	0.797823186	19
1446	0.7983753128	24
1447	0.7989274395	16
1448	0.7994795663	21
1449	0.8000316931	10
1450	0.8005838198	16
1451	0.8011359466	14
1452	0.8016880734	23
1453	0.8022402002	14
1454	0.8027923269	16
1455	0.8033444537	16
1456	0.8038965805	12
1457	0.8044487073	21
1458	0.805000834	15
1459	0.8055529608	19
1460	0.8061050876	14
1461	0.8066572143	23
1462	0.8072093411	17
1463	0.8077614679	16
1464	0.8083135947	17
1465	0.8088657214	27
1466	0.8094178482	17
1467	0.809969975	26
1468	0.8105221018	15
1469	0.8110742285	25
1470	0.8116263553	12
1471	0.8121784821	18
1472	0.8127306088	17
1473	0.8132827356	19
1474	0.8138348624	19
1475	0.8143869892	24
1476	0.8149391159	15
1477	0.8154912427	19
1478	0.8160433695	20
1479	0.8165954962	17
1480	0.817147623	20
1481	0.8176997498	19
1482	0.8182518766	15
1483	0.8188040033	16
1484	0.8193561301	20
1485	0.8199082569	14
1486	0.8204603837	21
1487	0.8210125104	16
1488	0.8215646372	13
1489	0.822116764	13
1490	0.8226688907	21
1491	0.8232210175	13
1492	0.8237731443	21
1493	0.8243252711	19
1494	0.8248773978	21
1495	0.8254295246	22
1496	0.8259816514	17
1497	0.8265337781	23
1498	0.8270859049	15
1499	0.8276380317	18
1500	0.8281901585	18
1501	0.8287422852	20
1502	0.829294412	24
1503	0.8298465388	16
1504	0.8303986656	20
1505	0.8309507923	17
1506	0.8315029191	15
1507	0.8320550459	16
1508	0.8326071726	20
1509	0.8331592994	18
1510	0.8337114262	24
1511	0.834263553	19
1512	0.8348156797	17
1513	0.8353678065	24
1514	0.8359199333	16
1515	0.8364720601	23
1516	0.8370241868	19
1517	0.8375763136	17
1518	0.8381284404	15
1519	0.8386805671	19
1520	0.8392326939	23
1521	0.8397848207	9
1522	0.8403369475	21
1523	0.8408890742	16
1524	0.841441201	17
1525	0.8419933278	16
1526	0.8425454545	22
1527	0.8430975813	16
1528	0.8436497081	14
1529	0.8442018349	9
1530	0.8447539616	19
1531	0.8453060884	18
1532	0.8458582152	15
1533	0.846410342	15
1534	0.8469624687	15
1535	0.8475145955	9
1536	0.8480667223	14
1537	0.848618849	14
1538	0.8491709758	13
1539	0.8497231026	26
1540	0.8502752294	13
1541	0.8508273561	13
1542	0.8513794829	18
1543	0.8519316097	15
1544	0.8524837364	15
1545	0.8530358632	9
1546	0.85358799	21
1547	0.8541401168	25
1548	0.8546922435	15
1549	0.8552443703	19
1550	0.8557964971	15
1551	0.8563486239	14
1552	0.8569007506	19
1553	0.8574528774	23
1554	0.8580050042	12
1555	0.8585571309	19
1556	0.8591092577	17
1557	0.8596613845	16
1558	0.8602135113	10
1559	0.860765638	12
1560	0.8613177648	10
1561	0.8618698916	22
1562	0.8624220183	14
1563	0.8629741451	8
1564	0.8635262719	14
1565	0.8640783987	17
1566	0.8646305254	11
1567	0.8651826522	17
1568	0.865734779	27
1569	0.8662869058	14
1570	0.8668390325	20
1571	0.8673911593	17
1572	0.8679432861	13
1573	0.8684954128	19
1574	0.8690475396	18
1575	0.8695996664	11
1576	0.8701517932	25
1577	0.8707039199	15
1578	0.8712560467	17
1579	0.8718081735	12
1580	0.8723603003	17
1581	0.872912427	12
1582	0.8734645538	20
1583	0.8740166806	12
1584	0.8745688073	13
1585	0.8751209341	14
1586	0.8756730609	18
1587	0.8762251877	18
1588	0.8767773144	20
1589	0.8773294412	14
1590	0.877881568	21
1591	0.8784336947	16
1592	0.8789858215	12
1593	0.8795379483	15
1594	0.8800900751	14
1595	0.8806422018	14
1596	0.8811943286	17
1597	0.8817464554	19
1598	0.8822985822	9
1599	0.8828507089	21
1600	0.8834028357	14
1601	0.8839549625	12
1602	0.8845070892	18
1603	0.885059216	9
1604	0.8856113428	7
1605	0.8861634696	14
1606	0.8867155963	12
1607	0.8872677231	11
1608	0.8878198499	12
1609	0.8883719766	10
1610	0.8889241034	10
1611	0.8894762302	14
1612	0.890028357	10
1613	0.8905804837	15
1614	0.8911326105	15
1615	0.8916847373	12
1616	0.8922368641	22
1617	0.8927889908	20
1618	0.8933411176	13
1619	0.8938932444	13
1620	0.8944453711	15
1621	0.8949974979	14
1622	0.8955496247	12
1623	0.8961017515	17
1624	0.8966538782	6
1625	0.897206005	14
1626	0.8977581318	17
1627	0.8983102585	12
1628	0.8988623853	14
1629	0.8994145121	12
1630	0.8999666389	18
1631	0.9005187656	8
1632	0.9010708924	14
1633	0.9016230192	14
1634	0.902175146	13
1635	0.9027272727	18
1636	0.9032793995	16
1637	0.9038315263	14
1638	0.904383653	13
1639	0.9049357798	15
1640	0.9054879066	18
1641	0.9060400334	12
1642	0.9065921601	10
1643	0.9071442869	25
1644	0.9076964137	14
1645	0.9082485405	9
1646	0.9088006672	13
1647	0.909352794	16
1648	0.9099049208	14
1649	0.9104570475	11
1650	0.9110091743	12
1651	0.9115613011	12
1652	0.9121134279	11
1653	0.9126655546	10
1654	0.9132176814	16
1655	0.9137698082	14
1656	0.9143219349	8
1657	0.9148740617	19
1658	0.9154261885	14
1659	0.9159783153	17
1660	0.916530442	17
1661	0.9170825688	10
1662	0.9176346956	8
1663	0.9181868224	12
1664	0.9187389491	8
1665	0.9192910759	12
1666	0.9198432027	13
1667	0.9203953294	21
1668	0.9209474562	7
1669	0.921499583	11
1670	0.9220517098	7
1671	0.9226038365	15
1672	0.9231559633	7
1673	0.9237080901	10
1674	0.9242602168	13
1675	0.9248123436	9
1676	0.9253644704	11
1677	0.9259165972	18
1678	0.9264687239	11
1679	0.9270208507	13
1680	0.9275729775	12
1681	0.9281251043	16
1682	0.928677231	12
1683	0.9292293578	9
1684	0.9297814846	12
1685	0.9303336113	18
1686	0.9308857381	9
1687	0.9314378649	9
1688	0.9319899917	14
1689	0.9325421184	13
1690	0.9330942452	17
1691	0.933646372	13
1692	0.9341984987	11
1693	0.9347506255	9
1694	0.9353027523	11
1695	0.9358548791	12
1696	0.9364070058	11
1697	0.9369591326	9
1698	0.9375112594	14
1699	0.9380633862	12
1700	0.9386155129	16
1701	0.9391676397	14
1702	0.9397197665	8
1703	0.9402718932	14
1704	0.94082402	13
1705	0.9413761468	13
1706	0.9419282736	17
1707	0.9424804003	7
1708	0.9430325271	16
1709	0.9435846539	16
1710	0.9441367807	7
1711	0.9446889074	15
1712	0.9452410342	11
1713	0.945793161	17
1714	0.9463452877	11
1715	0.9468974145	8
1716	0.9474495413	15
1717	0.9480016681	6
1718	0.9485537948	15
1719	0.9491059216	10
1720	0.9496580484	8
1721	0.9502101751	9
1722	0.9507623019	7
1723	0.9513144287	7
1724	0.9518665555	11
1725	0.9524186822	8
1726	0.952970809	11
1727	0.9535229358	11
1728	0.9540750626	17
1729	0.9546271893	15
1730	0.9551793161	5
1731	0.9557314429	16
1732	0.9562835696	11
1733	0.9568356964	12
1734	0.9573878232	7
1735	0.95793995	18
1736	0.9584920767	9
1737	0.9590442035	8
1738	0.9595963303	9
1739	0.960148457	12
1740	0.9607005838	10
1741	0.9612527106	14
1742	0.9618048374	14
1743	0.9623569641	14
1744	0.9629090909	7
1745	0.9634612177	11
1746	0.9640133445	6
1747	0.9645654712	15
1748	0.965117598	12
1749	0.9656697248	12
1750	0.9662218515	12
1751	0.9667739783	9
1752	0.9673261051	11
1753	0.9678782319	11
1754	0.9684303586	10
1755	0.9689824854	11
1756	0.9695346122	14
1757	0.9700867389	12
1758	0.9706388657	10
1759	0.9711909925	8
1760	0.9717431193	12
1761	0.972295246	12
1762	0.9728473728	15
1763	0.9733994996	11
1764	0.9739516264	8
1765	0.9745037531	4
1766	0.9750558799	17
1767	0.9756080067	10
1768	0.9761601334	7
1769	0.9767122602	17
1770	0.977264387	9
1771	0.9778165138	12
1772	0.9783686405	10
1773	0.9789207673	11
1774	0.9794728941	12
1775	0.9800250209	9
1776	0.9805771476	8
1777	0.9811292744	9
1778	0.9816814012	14
1779	0.9822335279	6
1780	0.9827856547	6
1781	0.9833377815	15
1782	0.9838899083	11
1783	0.984442035	5
1784	0.9849941618	5
1785	0.9855462886	3
1786	0.9860984153	5
1787	0.9866505421	7
1788	0.9872026689	6
1789	0.9877547957	9
1790	0.9883069224	10
1791	0.9888590492	7
1792	0.989411176	13
1793	0.9899633028	7
1794	0.9905154295	9
1795	0.9910675563	8
1796	0.9916196831	7
1797	0.9921718098	7
1798	0.9927239366	7
1799	0.9932760634	10
1800	0.9938281902	11
1801	0.9943803169	5
1802	0.9949324437	5
1803	0.9954845705	9
1804	0.9960366972	7
1805	0.996588824	6
1806	0.9971409508	8
1807	0.9976930776	6
1808	0.9982452043	8
1809	0.9987973311	12
1810	0.9993494579	6
1811	0.9999015847	11
1812	1.000453711	9
1813	1.001005838	11
1814	1.001557965	10
1815	1.002110092	6
1816	1.002662219	11
1817	1.003214345	8
1818	1.003766472	7
1819	1.004318599	10
1820	1.004870726	11
1821	1.005422852	9
1822	1.005974979	13
1823	1.006527106	10
1824	1.007079233	12
1825	1.007631359	6
1826	1.008183486	7
1827	1.008735613	6
1828	1.00928774	13
1829	1.009839867	8
1830	1.010391993	8
1831	1.01094412	12
1832	1.011496247	11
1833	1.012048374	9
1834	1.0126005	14
1835	1.013152627	7
1836	1.013704754	8
1837	1.014256881	2
1838	1.014809008	6
1839	1.015361134	11
1840	1.015913261	12
1841	1.016465388	13
1842	1.017017515	9
1843	1.017569641	8
1844	1.018121768	10
1845	1.018673895	5
1846	1.019226022	6
1847	1.019778148	5
1848	1.020330275	15
1849	1.020882402	9
1850	1.021434529	9
1851	1.021986656	10
1852	1.022538782	6
1853	1.023090909	10
1854	1.023643036	7
1855	1.024195163	9
1856	1.024747289	9
1857	1.025299416	10
1858	1.025851543	6
1859	1.02640367	8
1860	1.026955796	7
1861	1.027507923	8
1862	1.02806005	12
1863	1.028612177	4
1864	1.029164304	11
1865	1.02971643	8
1866	1.030268557	5
1867	1.030820684	11
1868	1.031372811	11
1869	1.031924937	8
1870	1.032477064	5
1871	1.033029191	7
1872	1.033581318	9
1873	1.034133445	5
1874	1.034685571	7
1875	1.035237698	9
1876	1.035789825	10
1877	1.036341952	7
1878	1.036894078	11
1879	1.037446205	12
1880	1.037998332	11
1881	1.038550459	4
1882	1.039102585	10
1883	1.039654712	7
1884	1.040206839	11
1885	1.040758966	10
1886	1.041311093	8
1887	1.041863219	6
1888	1.042415346	15
1889	1.042967473	5
1890	1.0435196	8
1891	1.044071726	4
1892	1.044623853	4
1893	1.04517598	3
1894	1.045728107	9
1895	1.046280234	11
1896	1.04683236	11
1897	1.047384487	8
1898	1.047936614	8
1899	1.048488741	9
1900	1.049040867	4
1901	1.049592994	9
1902	1.050145121	4
1903	1.050697248	5
1904	1.051249374	8
1905	1.051801501	4
1906	1.052353628	9
1907	1.052905755	8
1908	1.053457882	16
1909	1.054010008	9
1910	1.054562135	7
1911	1.055114262	10
1912	1.055666389	4
1913	1.056218515	8
1914	1.056770642	13
1915	1.057322769	6
1916	1.057874896	5
1917	1.058427023	9
1918	1.058979149	5
1919	1.059531276	8
1920	1.060083403	8
1921	1.06063553	11
1922	1.061187656	6
1923	1.061739783	9
1924	1.06229191	9
1925	1.062844037	8
1926	1.063396163	6
1927	1.06394829	7
1928	1.064500417	9
1929	1.065052544	9
1930	1.065604671	8
1931	1.066156797	8
1932	1.066708924	5
1933	1.067261051	12
1934	1.067813178	6
1935	1.068365304	4
1936	1.068917431	5
1937	1.069469558	10
1938	1.070021685	11
1939	1.070573812	6
1940	1.071125938	13
1941	1.071678065	11
1942	1.072230192	9
1943	1.072782319	7
1944	1.073334445	5
1945	1.073886572	5
1946	1.074438699	5
1947	1.074990826	5
1948	1.075542952	4
1949	1.076095079	10
1950	1.076647206	6
1951	1.077199333	9
1952	1.07775146	3
1953	1.078303586	2
1954	1.078855713	6
1955	1.07940784	10
1956	1.079959967	13
1957	1.080512093	3
1958	1.08106422	8
1959	1.081616347	11
1960	1.082168474	4
1961	1.082720601	5
1962	1.083272727	2
1963	1.083824854	6
1964	1.084376981	4
1965	1.084929108	5
1966	1.085481234	7
1967	1.086033361	8
1968	1.086585488	6
1969	1.087137615	4
1970	1.087689741	6
1971	1.088241868	2
1972	1.088793995	8
1973	1.089346122	8
1974	1.089898249	6
1975	1.090450375	4
1976	1.091002502	3
1977	1.091554629	12
1978	1.092106756	9
1979	1.092658882	6
1980	1.093211009	5
1981	1.093763136	6
1982	1.094315263	7
1983	1.094867389	8
1984	1.095419516	9
1985	1.095971643	7
1986	1.09652377	1
1987	1.097075897	6
1988	1.097628023	10
1989	1.09818015	7
1990	1.098732277	7
1991	1.099284404	7
1992	1.09983653	9
1993	1.100388657	3
1994	1.100940784	8
1995	1.101492911	6
1996	1.102045038	3
1997	1.102597164	5
1998	1.103149291	4
1999	1.103701418	4
2000	1.104253545	11
2001	1.104805671	8
2002	1.105357798	6
2003	1.105909925	5
2004	1.106462052	9
2005	1.107014178	6
2006	1.107566305	7
2007	1.108118432	5
2008	1.108670559	7
2009	1.109222686	7
2010	1.109774812	6
2011	1.110326939	6
2012	1.110879066	5
2013	1.111431193	4
2014	1.111983319	7
2015	1.112535446	7
2016	1.113087573	0
2017	1.1136397	9
2018	1.114191827	8
2019	1.114743953	4
2020	1.11529608	5
2021	1.115848207	2
2022	1.116400334	6
2023	1.11695246	5
2024	1.117504587	9
2025	1.118056714	6
2026	1.118608841	3
2027	1.119160967	4
2028	1.119713094	5
2029	1.120265221	8
2030	1.120817348	2
2031	1.121369475	8
2032	1.121921601	6
2033	1.122473728	9
2034	1.123025855	6
2035	1.123577982	2
2036	1.124130108	12
2037	1.124682235	8
2038	1.125234362	12
2039	1.125786489	3
2040	1.126338616	7
2041	1.126890742	6
2042	1.127442869	5
2043	1.127994996	10
2044	1.128547123	7
2045	1.129099249	12
2046	1.129651376	2
2047	1.130203503	4
2048	1.13075563	5
2049	1.131307756	6
2050	1.131859883	6
2051	1.13241201	8
2052	1.132964137	4
2053	1.133516264	4
2054	1.13406839	6
2055	1.134620517	7
2056	1.135172644	3
2057	1.135724771	5
2058	1.136276897	9
2059	1.136829024	4
2060	1.137381151	3
2061	1.137933278	1
2062	1.138485405	8
2063	1.139037531	7
2064	1.139589658	6
2065	1.140141785	2
2066	1.140693912	6
2067	1.141246038	5
2068	1.141798165	4
2069	1.142350292	9
2070	1.142902419	8
2071	1.143454545	4
2072	1.144006672	6
2073	1.144558799	5
2074	1.145110926	9
2075	1.145663053	5
2076	1.146215179	5
2077	1.146767306	11
2078	1.147319433	2
2079	1.14787156	1
2080	1.148423686	7
2081	1.148975813	3
2082	1.14952794	6
2083	1.150080067	5
2084	1.150632193	3
2085	1.15118432	5
2086	1.151736447	9
2087	1.152288574	3
2088	1.152840701	5
2089	1.153392827	7
2090	1.153944954	5
2091	1.154497081	5
2092	1.155049208	5
2093	1.155601334	4
2094	1.156153461	5
2095	1.156705588	3
2096	1.157257715	5
2097	1.157809842	5
2098	1.158361968	4
2099	1.158914095	4
2100	1.159466222	4
2101	1.160018349	6
2102	1.160570475	8
2103	1.161122602	2
2104	1.161674729	3
2105	1.162226856	4
2106	1.162778982	3
2107	1.163331109	3
2108	1.163883236	4
2109	1.164435363	7
2110	1.16498749	0
2111	1.165539616	10
2112	1.166091743	6
2113	1.16664387	7
2114	1.167195997	2
2115	1.167748123	7
2116	1.16830025	2
2117	1.168852377	5
2118	1.169404504	6
2119	1.169956631	1
2120	1.170508757	4
2121	1.171060884	1
2122	1.171613011	3
2123	1.172165138	4
2124	1.172717264	7
2125	1.173269391	7
2126	1.173821518	2
2127	1.174373645	5
2128	1.174925771	5
2129	1.175477898	4
2130	1.176030025	5
2131	1.176582152	3
2132	1.177134279	1
2133	1.177686405	3
2134	1.178238532	2
2135	1.178790659	3
2136	1.179342786	1
2137	1.179894912	3
2138	1.180447039	9
2139	1.180999166	3
2140	1.181551293	3
2141	1.18210342	1
2142	1.182655546	6
2143	1.183207673	5
2144	1.1837598	10
2145	1.184311927	4
2146	1.184864053	4
2147	1.18541618	4
2148	1.185968307	3
2149	1.186520434	4
2150	1.18707256	8
2151	1.187624687	5
2152	1.188176814	7
2153	1.188728941	2
2154	1.189281068	5
2155	1.189833194	0
2156	1.190385321	6
2157	1.190937448	2
2158	1.191489575	3
2159	1.192041701	3
2160	1.192593828	1
2161	1.193145955	4
2162	1.193698082	6
2163	1.194250209	5
2164	1.194802335	4
2165	1.195354462	6
2166	1.195906589	5
2167	1.196458716	2
2168	1.197010842	9
2169	1.197562969	7
2170	1.198115096	2
2171	1.198667223	5
2172	1.199219349	1
2173	1.199771476	5
2174	1.200323603	8
2175	1.20087573	2
2176	1.201427857	8
2177	1.201979983	6
2178	1.20253211	6
2179	1.203084237	2
2180	1.203636364	1
2181	1.20418849	3
2182	1.204740617	5
2183	1.205292744	1
2184	1.205844871	1
2185	1.206396997	10
2186	1.206949124	4
2187	1.207501251	8
2188	1.208053378	5
2189	1.208605505	3
2190	1.209157631	5
2191	1.209709758	6
2192	1.210261885	4
2193	1.210814012	9
2194	1.211366138	3
2195	1.211918265	3
2196	1.212470392	4
2197	1.213022519	7
2198	1.213574646	3
2199	1.214126772	7
2200	1.214678899	4
2201	1.215231026	9
2202	1.215783153	2
2203	1.216335279	7
2204	1.216887406	4
2205	1.217439533	5
2206	1.21799166	8
2207	1.218543786	6
2208	1.219095913	7
2209	1.21964804	6
2210	1.220200167	2
2211	1.220752294	3
2212	1.22130442	5
2213	1.221856547	7
2214	1.222408674	5
2215	1.222960801	5
2216	1.223512927	3
2217	1.224065054	1
2218	1.224617181	7
2219	1.225169308	5
2220	1.225721435	4
2221	1.226273561	7
2222	1.226825688	3
2223	1.227377815	4
2224	1.227929942	6
2225	1.228482068	4
2226	1.229034195	6
2227	1.229586322	1
2228	1.230138449	6
2229	1.230690575	1
2230	1.231242702	3
2231	1.231794829	6
2232	1.232346956	4
2233	1.232899083	3
2234	1.233451209	5
2235	1.234003336	1
2236	1.234555463	2
2237	1.23510759	3
2238	1.235659716	3
2239	1.236211843	4
2240	1.23676397	3
2241	1.237316097	3
2242	1.237868224	9
2243	1.23842035	2
2244	1.238972477	2
2245	1.239524604	5
2246	1.240076731	2
2247	1.240628857	6
2248	1.241180984	4
2249	1.241733111	3
2250	1.242285238	6
2251	1.242837364	6
2252	1.243389491	2
2253	1.243941618	1
2254	1.244493745	2
2255	1.245045872	3
2256	1.245597998	1
2257	1.246150125	5
2258	1.246702252	2
2259	1.247254379	4
2260	1.247806505	5
2261	1.248358632	5
2262	1.248910759	5
2263	1.249462886	3
2264	1.250015013	7
2265	1.250567139	9
2266	1.251119266	4
2267	1.251671393	3
2268	1.25222352	8
2269	1.252775646	6
2270	1.253327773	4
2271	1.2538799	2
2272	1.254432027	4
2273	1.254984153	3
2274	1.25553628	1
2275	1.256088407	1
2276	1.256640534	8
2277	1.257192661	5
2278	1.257744787	2
2279	1.258296914	3
2280	1.258849041	4
2281	1.259401168	2
2282	1.259953294	7
2283	1.260505421	2
2284	1.261057548	2
2285	1.261609675	4
2286	1.262161802	3
2287	1.262713928	4
2288	1.263266055	2
2289	1.263818182	3
2290	1.264370309	8
2291	1.264922435	3
2292	1.265474562	0
2293	1.266026689	2
2294	1.266578816	6
2295	1.267130942	2
2296	1.267683069	5
2297	1.268235196	3
2298	1.268787323	8
2299	1.26933945	1
2300	1.269891576	3
2301	1.270443703	5
2302	1.27099583	5
2303	1.271547957	4
2304	1.272100083	5
2305	1.27265221	7
2306	1.273204337	4
2307	1.273756464	4
2308	1.27430859	7
2309	1.274860717	5
2310	1.275412844	7
2311	1.275964971	2
2312	1.276517098	4
2313	1.277069224	2
2314	1.277621351	3
2315	1.278173478	2
2316	1.278725605	4
2317	1.279277731	7
2318	1.279829858	4
2319	1.280381985	6
2320	1.280934112	4
2321	1.281486239	2
2322	1.282038365	6
2323	1.282590492	6
2324	1.283142619	3
2325	1.283694746	0
2326	1.284246872	6
2327	1.284798999	4
2328	1.285351126	3
2329	1.285903253	4
2330	1.286455379	4
2331	1.287007506	2
2332	1.287559633	6
2333	1.28811176	3
2334	1.288663887	6
2335	1.289216013	3
2336	1.28976814	4
2337	1.290320267	3
2338	1.290872394	2
2339	1.29142452	4
2340	1.291976647	3
2341	1.292528774	6
2342	1.293080901	4
2343	1.293633028	8
2344	1.294185154	1
2345	1.294737281	4
2346	1.295289408	5
2347	1.295841535	6
2348	1.296393661	2
2349	1.296945788	2
2350	1.297497915	8
2351	1.298050042	3
2352	1.298602168	3
2353	1.299154295	5
2354	1.299706422	5
2355	1.300258549	6
2356	1.300810676	2
2357	1.301362802	6
2358	1.301914929	6
2359	1.302467056	5
2360	1.303019183	5
2361	1.303571309	4
2362	1.304123436	1
2363	1.304675563	5
2364	1.30522769	9
2365	1.305779817	8
2366	1.306331943	12
2367	1.30688407	3
2368	1.307436197	5
2369	1.307988324	8
2370	1.30854045	6
2371	1.309092577	4
2372	1.309644704	3
2373	1.310196831	8
2374	1.310748957	5
2375	1.311301084	6
2376	1.311853211	4
2377	1.312405338	5
2378	1.312957465	6
2379	1.313509591	5
2380	1.314061718	4
2381	1.314613845	2
2382	1.315165972	8
2383	1.315718098	8
2384	1.316270225	5
2385	1.316822352	3
2386	1.317374479	6
2387	1.317926606	3
2388	1.318478732	5
2389	1.319030859	7
2390	1.319582986	5
2391	1.320135113	5
2392	1.320687239	2
2393	1.321239366	4
2394	1.321791493	4
2395	1.32234362	8
2396	1.322895746	3
2397	1.323447873	5
2398	1.324		7
2399	1.324552127	2
2400	1.325104254	3
2401	1.32565638	5
2402	1.326208507	4
2403	1.326760634	2
2404	1.327312761	3
2405	1.327864887	6
2406	1.328417014	6
2407	1.328969141	9
2408	1.329521268	9
2409	1.330073394	7
2410	1.330625521	1
2411	1.331177648	4
2412	1.331729775	5
2413	1.332281902	0
2414	1.332834028	3
2415	1.333386155	4
2416	1.333938282	6
2417	1.334490409	5
2418	1.335042535	6
2419	1.335594662	2
2420	1.336146789	2
2421	1.336698916	4
2422	1.337251043	6
2423	1.337803169	5
2424	1.338355296	4
2425	1.338907423	6
2426	1.33945955	2
2427	1.340011676	7
2428	1.340563803	7
2429	1.34111593	10
2430	1.341668057	3
2431	1.342220183	7
2432	1.34277231	5
2433	1.343324437	3
2434	1.343876564	5
2435	1.344428691	3
2436	1.344980817	4
2437	1.345532944	5
2438	1.346085071	7
2439	1.346637198	3
2440	1.347189324	6
2441	1.347741451	4
2442	1.348293578	6
2443	1.348845705	7
2444	1.349397832	4
2445	1.349949958	4
2446	1.350502085	5
2447	1.351054212	2
2448	1.351606339	3
2449	1.352158465	6
2450	1.352710592	5
2451	1.353262719	2
2452	1.353814846	4
2453	1.354366972	2
2454	1.354919099	4
2455	1.355471226	5
2456	1.356023353	4
2457	1.35657548	3
2458	1.357127606	3
2459	1.357679733	9
2460	1.35823186	2
2461	1.358783987	6
2462	1.359336113	8
2463	1.35988824	3
2464	1.360440367	6
2465	1.360992494	5
2466	1.361544621	2
2467	1.362096747	4
2468	1.362648874	2
2469	1.363201001	8
2470	1.363753128	2
2471	1.364305254	1
2472	1.364857381	1
2473	1.365409508	4
2474	1.365961635	5
2475	1.366513761	4
2476	1.367065888	2
2477	1.367618015	3
2478	1.368170142	3
2479	1.368722269	2
2480	1.369274395	1
2481	1.369826522	2
2482	1.370378649	5
2483	1.370930776	3
2484	1.371482902	5
2485	1.372035029	2
2486	1.372587156	1
2487	1.373139283	2
2488	1.37369141	3
2489	1.374243536	2
2490	1.374795663	3
2491	1.37534779	2
2492	1.375899917	2
2493	1.376452043	3
2494	1.37700417	1
2495	1.377556297	2
2496	1.378108424	3
2497	1.37866055	4
2498	1.379212677	7
2499	1.379764804	1
2500	1.380316931	0
2501	1.380869058	4
2502	1.381421184	0
2503	1.381973311	3
2504	1.382525438	2
2505	1.383077565	4
2506	1.383629691	1
2507	1.384181818	1
2508	1.384733945	5
2509	1.385286072	0
2510	1.385838198	1
2511	1.386390325	4
2512	1.386942452	2
2513	1.387494579	0
2514	1.388046706	3
2515	1.388598832	4
2516	1.389150959	1
2517	1.389703086	2
2518	1.390255213	3
2519	1.390807339	0
2520	1.391359466	2
2521	1.391911593	3
2522	1.39246372	2
2523	1.393015847	1
2524	1.393567973	1
2525	1.3941201	1
2526	1.394672227	2
2527	1.395224354	0
2528	1.39577648	2
2529	1.396328607	1
2530	1.396880734	3
2531	1.397432861	1
2532	1.397984987	1
2533	1.398537114	1
2534	1.399089241	1
2535	1.399641368	1
2536	1.400193495	0
2537	1.400745621	2
2538	1.401297748	2
2539	1.401849875	1
2540	1.402402002	1
2541	1.402954128	2
2542	1.403506255	3
2543	1.404058382	2
2544	1.404610509	1
2545	1.405162636	1
2546	1.405714762	2
2547	1.406266889	1
2548	1.406819016	0
2549	1.407371143	3
2550	1.407923269	2
2551	1.408475396	4
2552	1.409027523	1
2553	1.40957965	2
2554	1.410131776	2
2555	1.410683903	2
2556	1.41123603	2
2557	1.411788157	1
2558	1.412340284	0
2559	1.41289241	2
2560	1.413444537	2
2561	1.413996664	2
2562	1.414548791	0
2563	1.415100917	1
2564	1.415653044	3
2565	1.416205171	1
2566	1.416757298	1
2567	1.417309425	0
2568	1.417861551	0
2569	1.418413678	0
2570	1.418965805	0
2571	1.419517932	1
2572	1.420070058	2
2573	1.420622185	2
2574	1.421174312	1
2575	1.421726439	3
2576	1.422278565	1
2577	1.422830692	1
2578	1.423382819	1
2579	1.423934946	1
2580	1.424487073	1
2581	1.425039199	0
2582	1.425591326	2
2583	1.426143453	2
2584	1.42669558	0
2585	1.427247706	0
2586	1.427799833	3
2587	1.42835196	2
2588	1.428904087	1
2589	1.429456214	0
2590	1.43000834	1
2591	1.430560467	0
2592	1.431112594	3
2593	1.431664721	3
2594	1.432216847	3
2595	1.432768974	1
2596	1.433321101	2
2597	1.433873228	2
2598	1.434425354	0
2599	1.434977481	1
2600	1.435529608	2
2601	1.436081735	2
2602	1.436633862	2
2603	1.437185988	2
2604	1.437738115	0
2605	1.438290242	1
2606	1.438842369	0
2607	1.439394495	1
2608	1.439946622	0
2609	1.440498749	3
2610	1.441050876	2
2611	1.441603003	1
2612	1.442155129	2
2613	1.442707256	1
2614	1.443259383	1
2615	1.44381151	1
2616	1.444363636	1
2617	1.444915763	1
2618	1.44546789	1
2619	1.446020017	1
2620	1.446572143	3
2621	1.44712427	2
2622	1.447676397	0
2623	1.448228524	1
2624	1.448780651	1
2625	1.449332777	0
2626	1.449884904	1
2627	1.450437031	1
2628	1.450989158	2
2629	1.451541284	3
2630	1.452093411	1
2631	1.452645538	1
2632	1.453197665	1
2633	1.453749791	1
2634	1.454301918	0
2635	1.454854045	0
2636	1.455406172	1
2637	1.455958299	1
2638	1.456510425	3
2639	1.457062552	2
2640	1.457614679	1
2641	1.458166806	4
2642	1.458718932	0
2643	1.459271059	4
2644	1.459823186	0
2645	1.460375313	3
2646	1.46092744	0
2647	1.461479566	3
2648	1.462031693	0
2649	1.46258382	2
2650	1.463135947	0
2651	1.463688073	0
2652	1.4642402	1
2653	1.464792327	1
2654	1.465344454	1
2655	1.46589658	0
2656	1.466448707	1
2657	1.467000834	3
2658	1.467552961	3
2659	1.468105088	1
2660	1.468657214	0
2661	1.469209341	3
2662	1.469761468	0
2663	1.470313595	0
2664	1.470865721	0
2665	1.471417848	1
2666	1.471969975	2
2667	1.472522102	0
2668	1.473074229	0
2669	1.473626355	1
2670	1.474178482	1
2671	1.474730609	2
2672	1.475282736	2
2673	1.475834862	1
2674	1.476386989	1
2675	1.476939116	0
2676	1.477491243	0
2677	1.478043369	0
2678	1.478595496	0
2679	1.479147623	2
2680	1.47969975	0
2681	1.480251877	1
2682	1.480804003	1
2683	1.48135613	1
2684	1.481908257	2
2685	1.482460384	0
2686	1.48301251	0
2687	1.483564637	1
2688	1.484116764	1
2689	1.484668891	0
2690	1.485221018	1
2691	1.485773144	0
2692	1.486325271	0
2693	1.486877398	2
2694	1.487429525	1
2695	1.487981651	1
2696	1.488533778	1
2697	1.489085905	0
2698	1.489638032	0
2699	1.490190158	0
2700	1.490742285	2
2701	1.491294412	1
2702	1.491846539	1
2703	1.492398666	0
2704	1.492950792	2
2705	1.493502919	1
2706	1.494055046	2
2707	1.494607173	1
2708	1.495159299	1
2709	1.495711426	0
2710	1.496263553	2
2711	1.49681568	0
2712	1.497367807	0
2713	1.497919933	0
2714	1.49847206	3
2715	1.499024187	2
2716	1.499576314	0
2717	1.50012844	0
2718	1.500680567	0
2719	1.501232694	0
2720	1.501784821	0
2721	1.502336947	0
2722	1.502889074	0
2723	1.503441201	1
2724	1.503993328	1
2725	1.504545455	1
2726	1.505097581	1
2727	1.505649708	0
2728	1.506201835	0
2729	1.506753962	0
2730	1.507306088	0
2731	1.507858215	0
2732	1.508410342	0
2733	1.508962469	0
2734	1.509514595	0
2735	1.510066722	0
2736	1.510618849	0
2737	1.511170976	1
2738	1.511723103	2
2739	1.512275229	0
2740	1.512827356	0
2741	1.513379483	0
2742	1.51393161	0
2743	1.514483736	0
2744	1.515035863	0
2745	1.51558799	1
2746	1.516140117	0
2747	1.516692244	0
2748	1.51724437	2
2749	1.517796497	0
2750	1.518348624	1
2751	1.518900751	1
2752	1.519452877	0
2753	1.520005004	0
2754	1.520557131	1
2755	1.521109258	0
2756	1.521661384	0
2757	1.522213511	1
2758	1.522765638	0
2759	1.523317765	2
2760	1.523869892	4
2761	1.524422018	0
2762	1.524974145	0
2763	1.525526272	0
2764	1.526078399	1
2765	1.526630525	0
2766	1.527182652	0
2767	1.527734779	1
2768	1.528286906	0
2769	1.528839033	1
2770	1.529391159	0
2771	1.529943286	0
2772	1.530495413	0
2773	1.53104754	1
2774	1.531599666	0
2775	1.532151793	0
2776	1.53270392	0
2777	1.533256047	0
2778	1.533808173	1
2779	1.5343603	1
2780	1.534912427	1
2781	1.535464554	0
2782	1.536016681	1
2783	1.536568807	2
2784	1.537120934	0
2785	1.537673061	0
2786	1.538225188	0
2787	1.538777314	0
2788	1.539329441	0
2789	1.539881568	0
2790	1.540433695	0
2791	1.540985822	0
2792	1.541537948	2
2793	1.542090075	0
2794	1.542642202	0
2795	1.543194329	1
2796	1.543746455	1
2797	1.544298582	0
2798	1.544850709	1
2799	1.545402836	0
2800	1.545954962	1
2801	1.546507089	0
2802	1.547059216	0
2803	1.547611343	0
2804	1.54816347	0
2805	1.548715596	1
2806	1.549267723	0
2807	1.54981985	1
2808	1.550371977	0
2809	1.550924103	1
2810	1.55147623	0
2811	1.552028357	0
2812	1.552580484	0
2813	1.553132611	0
2814	1.553684737	2
2815	1.554236864	2
2816	1.554788991	1
2817	1.555341118	0
2818	1.555893244	0
2819	1.556445371	0
2820	1.556997498	1
2821	1.557549625	0
2822	1.558101751	1
2823	1.558653878	2
2824	1.559206005	0
2825	1.559758132	1
2826	1.560310259	0
2827	1.560862385	0
2828	1.561414512	2
2829	1.561966639	0
2830	1.562518766	0
2831	1.563070892	2
2832	1.563623019	0
2833	1.564175146	0
2834	1.564727273	2
2835	1.565279399	0
2836	1.565831526	0
2837	1.566383653	0
2838	1.56693578	0
2839	1.567487907	0
2840	1.568040033	1
2841	1.56859216	0
2842	1.569144287	0
2843	1.569696414	1
2844	1.57024854	1
2845	1.570800667	0
2846	1.571352794	0
2847	1.571904921	0
2848	1.572457048	1
2849	1.573009174	0
2850	1.573561301	0
2851	1.574113428	1
2852	1.574665555	2
2853	1.575217681	0
2854	1.575769808	0
2855	1.576321935	1
2856	1.576874062	0
2857	1.577426188	0
2858	1.577978315	0
2859	1.578530442	1
2860	1.579082569	0
2861	1.579634696	0
2862	1.580186822	0
2863	1.580738949	0
2864	1.581291076	0
2865	1.581843203	0
2866	1.582395329	1
2867	1.582947456	1
2868	1.583499583	0
2869	1.58405171	0
2870	1.584603837	0
2871	1.585155963	1
2872	1.58570809	0
2873	1.586260217	0
2874	1.586812344	0
2875	1.58736447	1
2876	1.587916597	0
2877	1.588468724	0
2878	1.589020851	0
2879	1.589572977	0
2880	1.590125104	1
2881	1.590677231	0
2882	1.591229358	1
2883	1.591781485	0
2884	1.592333611	0
2885	1.592885738	0
2886	1.593437865	0
2887	1.593989992	1
2888	1.594542118	1
2889	1.595094245	0
2890	1.595646372	0
2891	1.596198499	1
2892	1.596750626	0
2893	1.597302752	1
2894	1.597854879	0
2895	1.598407006	0
2896	1.598959133	1
2897	1.599511259	0
2898	1.600063386	0
2899	1.600615513	0
2900	1.60116764	0
2901	1.601719766	0
2902	1.602271893	0
2903	1.60282402	0
2904	1.603376147	0
2905	1.603928274	0
2906	1.6044804	0
2907	1.605032527	0
2908	1.605584654	0
2909	1.606136781	1
2910	1.606688907	0
2911	1.607241034	0
2912	1.607793161	0
2913	1.608345288	1
2914	1.608897415	1
2915	1.609449541	0
2916	1.610001668	0
2917	1.610553795	0
2918	1.611105922	0
2919	1.611658048	0
2920	1.612210175	0
2921	1.612762302	0
2922	1.613314429	0
2923	1.613866555	0
2924	1.614418682	0
2925	1.614970809	0
2926	1.615522936	0
2927	1.616075063	0
2928	1.616627189	1
2929	1.617179316	0
2930	1.617731443	0
2931	1.61828357	0
2932	1.618835696	0
2933	1.619387823	0
2934	1.61993995	0
2935	1.620492077	0
2936	1.621044204	0
2937	1.62159633	0
2938	1.622148457	0
2939	1.622700584	0
2940	1.623252711	0
2941	1.623804837	0
2942	1.624356964	0
2943	1.624909091	0
2944	1.625461218	0
2945	1.626013344	0
2946	1.626565471	0
2947	1.627117598	0
2948	1.627669725	0
2949	1.628221852	1
2950	1.628773978	0
2951	1.629326105	0
2952	1.629878232	0
2953	1.630430359	1
2954	1.630982485	1
2955	1.631534612	1
2956	1.632086739	1
2957	1.632638866	0
2958	1.633190992	0
2959	1.633743119	1
2960	1.634295246	0
2961	1.634847373	1
2962	1.6353995	0
2963	1.635951626	0
2964	1.636503753	0
2965	1.63705588	0
2966	1.637608007	0
2967	1.638160133	0
2968	1.63871226	0
2969	1.639264387	0
2970	1.639816514	0
2971	1.640368641	0
2972	1.640920767	0
2973	1.641472894	0
2974	1.642025021	0
2975	1.642577148	0
2976	1.643129274	0
2977	1.643681401	0
2978	1.644233528	0
2979	1.644785655	1
2980	1.645337781	0
2981	1.645889908	0
2982	1.646442035	0
2983	1.646994162	0
2984	1.647546289	0
2985	1.648098415	0
2986	1.648650542	0
2987	1.649202669	0
2988	1.649754796	1
2989	1.650306922	0
2990	1.650859049	2
2991	1.651411176	1
2992	1.651963303	0
2993	1.65251543	0
2994	1.653067556	0
2995	1.653619683	0
2996	1.65417181	1
2997	1.654723937	0
2998	1.655276063	0
2999	1.65582819	0
3000	1.656380317	0
3001	1.656932444	0
3002	1.65748457	0
3003	1.658036697	0
3004	1.658588824	0
3005	1.659140951	1
3006	1.659693078	0
3007	1.660245204	0
3008	1.660797331	0
3009	1.661349458	1
3010	1.661901585	0
3011	1.662453711	1
3012	1.663005838	0
3013	1.663557965	0
3014	1.664110092	1
3015	1.664662219	0
3016	1.665214345	0
3017	1.665766472	0
3018	1.666318599	0
3019	1.666870726	0
3020	1.667422852	0
3021	1.667974979	1
3022	1.668527106	0
3023	1.669079233	0
3024	1.669631359	0
3025	1.670183486	0
3026	1.670735613	0
3027	1.67128774	1
3028	1.671839867	0
3029	1.672391993	0
3030	1.67294412	0
3031	1.673496247	2
3032	1.674048374	0
3033	1.6746005	2
3034	1.675152627	0
3035	1.675704754	0
3036	1.676256881	0
3037	1.676809008	0
3038	1.677361134	0
3039	1.677913261	0
3040	1.678465388	1
3041	1.679017515	0
3042	1.679569641	0
3043	1.680121768	0
3044	1.680673895	0
3045	1.681226022	0
3046	1.681778148	0
3047	1.682330275	0
3048	1.682882402	0
3049	1.683434529	1
3050	1.683986656	1
3051	1.684538782	0
3052	1.685090909	0
3053	1.685643036	0
3054	1.686195163	0
3055	1.686747289	2
3056	1.687299416	0
3057	1.687851543	0
3058	1.68840367	0
3059	1.688955796	0
3060	1.689507923	0
3061	1.69006005	0
3062	1.690612177	3
3063	1.691164304	0
3064	1.69171643	0
3065	1.692268557	0
3066	1.692820684	0
3067	1.693372811	0
3068	1.693924937	1
3069	1.694477064	1
3070	1.695029191	0
3071	1.695581318	0
3072	1.696133445	0
3073	1.696685571	1
3074	1.697237698	0
3075	1.697789825	0
3076	1.698341952	0
3077	1.698894078	0
3078	1.699446205	1
3079	1.699998332	0
3080	1.700550459	0
3081	1.701102585	0
3082	1.701654712	0
3083	1.702206839	0
3084	1.702758966	1
3085	1.703311093	1
3086	1.703863219	0
3087	1.704415346	2
3088	1.704967473	0
3089	1.7055196	0
3090	1.706071726	0
3091	1.706623853	0
3092	1.70717598	0
3093	1.707728107	0
3094	1.708280234	0
3095	1.70883236	0
3096	1.709384487	0
3097	1.709936614	0
3098	1.710488741	0
3099	1.711040867	0
3100	1.711592994	0
3101	1.712145121	0
3102	1.712697248	2
3103	1.713249374	0
3104	1.713801501	0
3105	1.714353628	0
3106	1.714905755	0
3107	1.715457882	0
3108	1.716010008	1
3109	1.716562135	0
3110	1.717114262	0
3111	1.717666389	0
3112	1.718218515	0
3113	1.718770642	0
3114	1.719322769	1
3115	1.719874896	0
3116	1.720427023	0
3117	1.720979149	0
3118	1.721531276	0
3119	1.722083403	0
3120	1.72263553	0
3121	1.723187656	1
3122	1.723739783	0
3123	1.72429191	0
3124	1.724844037	0
3125	1.725396163	0
3126	1.72594829	0
3127	1.726500417	0
3128	1.727052544	0
3129	1.727604671	0
3130	1.728156797	1
3131	1.728708924	0
3132	1.729261051	0
3133	1.729813178	1
3134	1.730365304	0
3135	1.730917431	1
3136	1.731469558	0
3137	1.732021685	0
3138	1.732573812	0
3139	1.733125938	0
3140	1.733678065	0
3141	1.734230192	0
3142	1.734782319	0
3143	1.735334445	0
3144	1.735886572	0
3145	1.736438699	0
3146	1.736990826	0
3147	1.737542952	0
3148	1.738095079	0
3149	1.738647206	0
3150	1.739199333	0
3151	1.73975146	0
3152	1.740303586	0
3153	1.740855713	0
3154	1.74140784	1
3155	1.741959967	0
3156	1.742512093	0
3157	1.74306422	1
3158	1.743616347	0
3159	1.744168474	1
3160	1.744720601	1
3161	1.745272727	0
3162	1.745824854	0
3163	1.746376981	1
3164	1.746929108	0
3165	1.747481234	0
3166	1.748033361	1
3167	1.748585488	0
3168	1.749137615	1
3169	1.749689741	0
3170	1.750241868	0
3171	1.750793995	0
3172	1.751346122	0
3173	1.751898249	0
3174	1.752450375	0
3175	1.753002502	0
3176	1.753554629	0
3177	1.754106756	0
3178	1.754658882	0
3179	1.755211009	0
3180	1.755763136	1
3181	1.756315263	0
3182	1.756867389	0
3183	1.757419516	0
3184	1.757971643	0
3185	1.75852377	0
3186	1.759075897	0
3187	1.759628023	0
3188	1.76018015	0
3189	1.760732277	1
3190	1.761284404	0
3191	1.76183653	0
3192	1.762388657	0
3193	1.762940784	0
3194	1.763492911	0
3195	1.764045038	0
3196	1.764597164	2
3197	1.765149291	0
3198	1.765701418	2
3199	1.766253545	0
3200	1.766805671	1
3201	1.767357798	0
3202	1.767909925	2
3203	1.768462052	0
3204	1.769014178	1
3205	1.769566305	2
3206	1.770118432	0
3207	1.770670559	0
3208	1.771222686	0
3209	1.771774812	0
3210	1.772326939	0
3211	1.772879066	0
3212	1.773431193	0
3213	1.773983319	0
3214	1.774535446	0
3215	1.775087573	0
3216	1.7756397	1
3217	1.776191827	0
3218	1.776743953	0
3219	1.77729608	1
3220	1.777848207	0
3221	1.778400334	0
3222	1.77895246	0
3223	1.779504587	0
3224	1.780056714	0
3225	1.780608841	1
3226	1.781160967	0
3227	1.781713094	0
3228	1.782265221	1
3229	1.782817348	0
3230	1.783369475	0
3231	1.783921601	1
3232	1.784473728	0
3233	1.785025855	0
3234	1.785577982	0
3235	1.786130108	0
3236	1.786682235	0
3237	1.787234362	1
3238	1.787786489	0
3239	1.788338616	0
3240	1.788890742	0
3241	1.789442869	1
3242	1.789994996	0
3243	1.790547123	0
3244	1.791099249	1
3245	1.791651376	0
3246	1.792203503	0
3247	1.79275563	1
3248	1.793307756	0
3249	1.793859883	0
3250	1.79441201	0
3251	1.794964137	0
3252	1.795516264	2
3253	1.79606839	1
3254	1.796620517	0
3255	1.797172644	0
3256	1.797724771	1
3257	1.798276897	0
3258	1.798829024	0
3259	1.799381151	0
3260	1.799933278	1
3261	1.800485405	0
3262	1.801037531	0
3263	1.801589658	0
3264	1.802141785	0
3265	1.802693912	0
3266	1.803246038	0
3267	1.803798165	0
3268	1.804350292	0
3269	1.804902419	0
3270	1.805454545	0
3271	1.806006672	0
3272	1.806558799	0
3273	1.807110926	1
3274	1.807663053	1
3275	1.808215179	0
3276	1.808767306	0
3277	1.809319433	0
3278	1.80987156	0
3279	1.810423686	0
3280	1.810975813	0
3281	1.81152794	0
3282	1.812080067	0
3283	1.812632193	0
3284	1.81318432	0
3285	1.813736447	0
3286	1.814288574	1
3287	1.814840701	0
3288	1.815392827	1
3289	1.815944954	1
3290	1.816497081	0
3291	1.817049208	0
3292	1.817601334	1
3293	1.818153461	2
3294	1.818705588	0
3295	1.819257715	0
3296	1.819809842	0
3297	1.820361968	0
3298	1.820914095	0
3299	1.821466222	0
3300	1.822018349	0
3301	1.822570475	0
3302	1.823122602	0
3303	1.823674729	0
3304	1.824226856	0
3305	1.824778982	1
3306	1.825331109	0
3307	1.825883236	0
3308	1.826435363	0
3309	1.82698749	0
3310	1.827539616	0
3311	1.828091743	1
3312	1.82864387	0
3313	1.829195997	0
3314	1.829748123	0
3315	1.83030025	0
3316	1.830852377	0
3317	1.831404504	0
3318	1.831956631	0
3319	1.832508757	0
3320	1.833060884	0
3321	1.833613011	0
3322	1.834165138	0
3323	1.834717264	0
3324	1.835269391	0
3325	1.835821518	0
3326	1.836373645	0
3327	1.836925771	1
3328	1.837477898	0
3329	1.838030025	0
3330	1.838582152	0
3331	1.839134279	0
3332	1.839686405	1
3333	1.840238532	0
3334	1.840790659	0
3335	1.841342786	1
3336	1.841894912	0
3337	1.842447039	0
3338	1.842999166	0
3339	1.843551293	0
3340	1.84410342	0
3341	1.844655546	0
3342	1.845207673	0
3343	1.8457598	0
3344	1.846311927	1
3345	1.846864053	0
3346	1.84741618	0
3347	1.847968307	0
3348	1.848520434	0
3349	1.84907256	0
3350	1.849624687	0
3351	1.850176814	0
3352	1.850728941	0
3353	1.851281068	0
3354	1.851833194	0
3355	1.852385321	0
3356	1.852937448	0
3357	1.853489575	0
3358	1.854041701	0
3359	1.854593828	0
3360	1.855145955	1
3361	1.855698082	0
3362	1.856250209	0
3363	1.856802335	0
3364	1.857354462	0
3365	1.857906589	0
3366	1.858458716	0
3367	1.859010842	0
3368	1.859562969	0
3369	1.860115096	0
3370	1.860667223	0
3371	1.861219349	0
3372	1.861771476	1
3373	1.862323603	0
3374	1.86287573	0
3375	1.863427857	0
3376	1.863979983	0
3377	1.86453211	0
3378	1.865084237	0
3379	1.865636364	0
3380	1.86618849	0
3381	1.866740617	0
3382	1.867292744	0
3383	1.867844871	0
3384	1.868396997	0
3385	1.868949124	1
3386	1.869501251	0
3387	1.870053378	0
3388	1.870605505	0
3389	1.871157631	0
3390	1.871709758	0
3391	1.872261885	0
3392	1.872814012	0
3393	1.873366138	0
3394	1.873918265	0
3395	1.874470392	0
3396	1.875022519	0
3397	1.875574646	0
3398	1.876126772	0
3399	1.876678899	0
3400	1.877231026	0
3401	1.877783153	0
3402	1.878335279	0
3403	1.878887406	0
3404	1.879439533	2
3405	1.87999166	0
3406	1.880543786	0
3407	1.881095913	0
3408	1.88164804	0
3409	1.882200167	0
3410	1.882752294	0
3411	1.88330442	0
3412	1.883856547	0
3413	1.884408674	0
3414	1.884960801	0
3415	1.885512927	0
3416	1.886065054	0
3417	1.886617181	0
3418	1.887169308	0
3419	1.887721435	0
3420	1.888273561	0
3421	1.888825688	0
3422	1.889377815	0
3423	1.889929942	1
3424	1.890482068	0
3425	1.891034195	0
3426	1.891586322	0
3427	1.892138449	0
3428	1.892690575	0
3429	1.893242702	0
3430	1.893794829	0
3431	1.894346956	0
3432	1.894899083	0
3433	1.895451209	0
3434	1.896003336	1
3435	1.896555463	0
3436	1.89710759	0
3437	1.897659716	0
3438	1.898211843	0
3439	1.89876397	0
3440	1.899316097	0
3441	1.899868224	0
3442	1.90042035	0
3443	1.900972477	0
3444	1.901524604	0
3445	1.902076731	0
3446	1.902628857	0
3447	1.903180984	0
3448	1.903733111	0
3449	1.904285238	0
3450	1.904837364	0
3451	1.905389491	0
3452	1.905941618	0
3453	1.906493745	0
3454	1.907045872	0
3455	1.907597998	0
3456	1.908150125	0
3457	1.908702252	0
3458	1.909254379	0
3459	1.909806505	0
3460	1.910358632	1
3461	1.910910759	0
3462	1.911462886	0
3463	1.912015013	0
3464	1.912567139	0
3465	1.913119266	0
3466	1.913671393	1
3467	1.91422352	0
3468	1.914775646	0
3469	1.915327773	0
3470	1.9158799	0
3471	1.916432027	0
3472	1.916984153	0
3473	1.91753628	0
3474	1.918088407	0
3475	1.918640534	0
3476	1.919192661	0
3477	1.919744787	0
3478	1.920296914	1
3479	1.920849041	0
3480	1.921401168	0
3481	1.921953294	0
3482	1.922505421	0
3483	1.923057548	0
3484	1.923609675	0
3485	1.924161802	0
3486	1.924713928	0
3487	1.925266055	0
3488	1.925818182	0
3489	1.926370309	0
3490	1.926922435	0
3491	1.927474562	0
3492	1.928026689	0
3493	1.928578816	0
3494	1.929130942	0
3495	1.929683069	0
3496	1.930235196	0
3497	1.930787323	0
3498	1.93133945	0
3499	1.931891576	0
3500	1.932443703	0
3501	1.93299583	0
3502	1.933547957	0
3503	1.934100083	0
3504	1.93465221	1
3505	1.935204337	0
3506	1.935756464	0
3507	1.93630859	0
3508	1.936860717	0
3509	1.937412844	0
3510	1.937964971	0
3511	1.938517098	0
3512	1.939069224	0
3513	1.939621351	0
3514	1.940173478	0
3515	1.940725605	0
3516	1.941277731	1
3517	1.941829858	1
3518	1.942381985	0
3519	1.942934112	0
3520	1.943486239	0
3521	1.944038365	0
3522	1.944590492	1
3523	1.945142619	0
3524	1.945694746	0
3525	1.946246872	0
3526	1.946798999	0
3527	1.947351126	0
3528	1.947903253	0
3529	1.948455379	0
3530	1.949007506	0
3531	1.949559633	0
3532	1.95011176	0
3533	1.950663887	0
3534	1.951216013	0
3535	1.95176814	0
3536	1.952320267	0
3537	1.952872394	0
3538	1.95342452	1
3539	1.953976647	0
3540	1.954528774	0
3541	1.955080901	0
3542	1.955633028	2
3543	1.956185154	0
3544	1.956737281	0
3545	1.957289408	0
3546	1.957841535	0
3547	1.958393661	0
3548	1.958945788	1
3549	1.959497915	0
3550	1.960050042	0
3551	1.960602168	0
3552	1.961154295	0
3553	1.961706422	0
3554	1.962258549	0
3555	1.962810676	0
3556	1.963362802	0
3557	1.963914929	1
3558	1.964467056	0
3559	1.965019183	0
3560	1.965571309	0
3561	1.966123436	0
3562	1.966675563	0
3563	1.96722769	0
3564	1.967779817	0
3565	1.968331943	1
3566	1.96888407	0
3567	1.969436197	0
3568	1.969988324	0
3569	1.97054045	0
3570	1.971092577	0
3571	1.971644704	0
3572	1.972196831	1
3573	1.972748957	0
3574	1.973301084	0
3575	1.973853211	1
3576	1.974405338	0
3577	1.974957465	0
3578	1.975509591	0
3579	1.976061718	1
3580	1.976613845	0
3581	1.977165972	1
3582	1.977718098	0
3583	1.978270225	2
3584	1.978822352	0
3585	1.979374479	0
3586	1.979926606	0
3587	1.980478732	0
3588	1.981030859	0
3589	1.981582986	0
3590	1.982135113	0
3591	1.982687239	0
3592	1.983239366	0
3593	1.983791493	0
3594	1.98434362	0
3595	1.984895746	0
3596	1.985447873	0
3597	1.986		0
3598	1.986552127	1
3599	1.987104254	0
3600	1.98765638	0
3601	1.988208507	0
3602	1.988760634	0
3603	1.989312761	0
3604	1.989864887	0
3605	1.990417014	0
3606	1.990969141	0
3607	1.991521268	0
3608	1.992073394	0
3609	1.992625521	0
3610	1.993177648	1
3611	1.993729775	0
3612	1.994281902	0
3613	1.994834028	0
3614	1.995386155	0
3615	1.995938282	0
3616	1.996490409	0
3617	1.997042535	0
3618	1.997594662	0
3619	1.998146789	0
3620	1.998698916	0
3621	1.999251043	0
3622	1.999803169	1
3623	2.000355296	0
3624	2.000907423	0
3625	2.00145955	0
3626	2.002011676	0
3627	2.002563803	1
3628	2.00311593	0
3629	2.003668057	0
3630	2.004220183	0
3631	2.00477231	0
3632	2.005324437	0
3633	2.005876564	0
3634	2.006428691	0
3635	2.006980817	0
3636	2.007532944	0
3637	2.008085071	0
3638	2.008637198	0
3639	2.009189324	0
3640	2.009741451	0
3641	2.010293578	1
3642	2.010845705	1
3643	2.011397832	0
3644	2.011949958	0
3645	2.012502085	0
3646	2.013054212	0
3647	2.013606339	0
3648	2.014158465	1
3649	2.014710592	1
3650	2.015262719	0
3651	2.015814846	0
3652	2.016366972	0
3653	2.016919099	0
3654	2.017471226	0
3655	2.018023353	0
3656	2.01857548	0
3657	2.019127606	1
3658	2.019679733	0
3659	2.02023186	0
3660	2.020783987	1
3661	2.021336113	0
3662	2.02188824	0
3663	2.022440367	0
3664	2.022992494	0
3665	2.023544621	0
3666	2.024096747	0
3667	2.024648874	0
3668	2.025201001	0
3669	2.025753128	0
3670	2.026305254	0
3671	2.026857381	0
3672	2.027409508	0
3673	2.027961635	0
3674	2.028513761	0
3675	2.029065888	0
3676	2.029618015	0
3677	2.030170142	0
3678	2.030722269	1
3679	2.031274395	0
3680	2.031826522	0
3681	2.032378649	1
3682	2.032930776	0
3683	2.033482902	1
3684	2.034035029	0
3685	2.034587156	0
3686	2.035139283	0
3687	2.03569141	0
3688	2.036243536	0
3689	2.036795663	0
3690	2.03734779	1
3691	2.037899917	0
3692	2.038452043	0
3693	2.03900417	0
3694	2.039556297	0
3695	2.040108424	0
3696	2.04066055	1
3697	2.041212677	0
3698	2.041764804	0
3699	2.042316931	0
3700	2.042869058	1
3701	2.043421184	1
3702	2.043973311	0
3703	2.044525438	1
3704	2.045077565	0
3705	2.045629691	0
3706	2.046181818	0
3707	2.046733945	0
3708	2.047286072	0
3709	2.047838198	0
3710	2.048390325	0
3711	2.048942452	0
3712	2.049494579	0
3713	2.050046706	0
3714	2.050598832	0
3715	2.051150959	0
3716	2.051703086	0
3717	2.052255213	0
3718	2.052807339	0
3719	2.053359466	0
3720	2.053911593	0
3721	2.05446372	0
3722	2.055015847	1
3723	2.055567973	0
3724	2.0561201	0
3725	2.056672227	0
3726	2.057224354	0
3727	2.05777648	0
3728	2.058328607	0
3729	2.058880734	0
3730	2.059432861	0
3731	2.059984987	1
3732	2.060537114	0
3733	2.061089241	0
3734	2.061641368	0
3735	2.062193495	0
3736	2.062745621	0
3737	2.063297748	0
3738	2.063849875	1
3739	2.064402002	1
3740	2.064954128	0
3741	2.065506255	1
3742	2.066058382	0
3743	2.066610509	0
3744	2.067162636	0
3745	2.067714762	0
3746	2.068266889	0
3747	2.068819016	1
3748	2.069371143	0
3749	2.069923269	1
3750	2.070475396	0
3751	2.071027523	0
3752	2.07157965	0
3753	2.072131776	0
3754	2.072683903	0
3755	2.07323603	0
3756	2.073788157	0
3757	2.074340284	1
3758	2.07489241	0
3759	2.075444537	1
3760	2.075996664	0
3761	2.076548791	0
3762	2.077100917	0
3763	2.077653044	0
3764	2.078205171	0
3765	2.078757298	0
3766	2.079309425	0
3767	2.079861551	1
3768	2.080413678	0
3769	2.080965805	0
3770	2.081517932	0
3771	2.082070058	1
3772	2.082622185	0
3773	2.083174312	0
3774	2.083726439	0
3775	2.084278565	0
3776	2.084830692	1
3777	2.085382819	0
3778	2.085934946	0
3779	2.086487073	1
3780	2.087039199	0
3781	2.087591326	1
3782	2.088143453	0
3783	2.08869558	0
3784	2.089247706	0
3785	2.089799833	0
3786	2.09035196	1
3787	2.090904087	0
3788	2.091456214	0
3789	2.09200834	0
3790	2.092560467	1
3791	2.093112594	0
3792	2.093664721	0
3793	2.094216847	1
3794	2.094768974	0
3795	2.095321101	1
3796	2.095873228	0
3797	2.096425354	0
3798	2.096977481	0
3799	2.097529608	0
3800	2.098081735	0
3801	2.098633862	0
3802	2.099185988	0
3803	2.099738115	0
3804	2.100290242	0
3805	2.100842369	0
3806	2.101394495	0
3807	2.101946622	0
3808	2.102498749	0
3809	2.103050876	0
3810	2.103603003	0
3811	2.104155129	0
3812	2.104707256	0
3813	2.105259383	0
3814	2.10581151	0
3815	2.106363636	1
3816	2.106915763	0
3817	2.10746789	0
3818	2.108020017	0
3819	2.108572143	0
3820	2.10912427	1
3821	2.109676397	0
3822	2.110228524	0
3823	2.110780651	0
3824	2.111332777	0
3825	2.111884904	0
3826	2.112437031	0
3827	2.112989158	1
3828	2.113541284	0
3829	2.114093411	0
3830	2.114645538	0
3831	2.115197665	0
3832	2.115749791	0
3833	2.116301918	0
3834	2.116854045	0
3835	2.117406172	0
3836	2.117958299	0
3837	2.118510425	0
3838	2.119062552	0
3839	2.119614679	0
3840	2.120166806	0
3841	2.120718932	0
3842	2.121271059	0
3843	2.121823186	0
3844	2.122375313	0
3845	2.12292744	0
3846	2.123479566	0
3847	2.124031693	1
3848	2.12458382	0
3849	2.125135947	0
3850	2.125688073	0
3851	2.1262402	0
3852	2.126792327	0
3853	2.127344454	0
3854	2.12789658	0
3855	2.128448707	0
3856	2.129000834	0
3857	2.129552961	0
3858	2.130105088	0
3859	2.130657214	1
3860	2.131209341	0
3861	2.131761468	0
3862	2.132313595	0
3863	2.132865721	0
3864	2.133417848	0
3865	2.133969975	0
3866	2.134522102	0
3867	2.135074229	0
3868	2.135626355	1
3869	2.136178482	1
3870	2.136730609	0
3871	2.137282736	0
3872	2.137834862	0
3873	2.138386989	0
3874	2.138939116	0
3875	2.139491243	0
3876	2.140043369	0
3877	2.140595496	0
3878	2.141147623	0
3879	2.14169975	0
3880	2.142251877	0
3881	2.142804003	0
3882	2.14335613	0
3883	2.143908257	0
3884	2.144460384	0
3885	2.14501251	0
3886	2.145564637	0
3887	2.146116764	0
3888	2.146668891	0
3889	2.147221018	0
3890	2.147773144	0
3891	2.148325271	0
3892	2.148877398	0
3893	2.149429525	0
3894	2.149981651	0
3895	2.150533778	0
3896	2.151085905	0
3897	2.151638032	0
3898	2.152190158	0
3899	2.152742285	0
3900	2.153294412	0
3901	2.153846539	0
3902	2.154398666	0
3903	2.154950792	0
3904	2.155502919	0
3905	2.156055046	0
3906	2.156607173	0
3907	2.157159299	0
3908	2.157711426	0
3909	2.158263553	0
3910	2.15881568	0
3911	2.159367807	0
3912	2.159919933	0
3913	2.16047206	0
3914	2.161024187	0
3915	2.161576314	0
3916	2.16212844	1
3917	2.162680567	0
3918	2.163232694	0
3919	2.163784821	0
3920	2.164336947	0
3921	2.164889074	0
3922	2.165441201	0
3923	2.165993328	0
3924	2.166545455	0
3925	2.167097581	0
3926	2.167649708	0
3927	2.168201835	0
3928	2.168753962	0
3929	2.169306088	0
3930	2.169858215	0
3931	2.170410342	1
3932	2.170962469	1
3933	2.171514595	0
3934	2.172066722	1
3935	2.172618849	0
3936	2.173170976	0
3937	2.173723103	0
3938	2.174275229	1
3939	2.174827356	0
3940	2.175379483	0
3941	2.17593161	0
3942	2.176483736	1
3943	2.177035863	0
3944	2.17758799	0
3945	2.178140117	1
3946	2.178692244	0
3947	2.17924437	0
3948	2.179796497	0
3949	2.180348624	0
3950	2.180900751	0
3951	2.181452877	0
3952	2.182005004	0
3953	2.182557131	0
3954	2.183109258	0
3955	2.183661384	0
3956	2.184213511	0
3957	2.184765638	0
3958	2.185317765	1
3959	2.185869892	0
3960	2.186422018	1
3961	2.186974145	0
3962	2.187526272	0
3963	2.188078399	1
3964	2.188630525	0
3965	2.189182652	0
3966	2.189734779	0
3967	2.190286906	0
3968	2.190839033	0
3969	2.191391159	0
3970	2.191943286	0
3971	2.192495413	0
3972	2.19304754	0
3973	2.193599666	1
3974	2.194151793	0
3975	2.19470392	0
3976	2.195256047	1
3977	2.195808173	0
3978	2.1963603	0
3979	2.196912427	0
3980	2.197464554	1
3981	2.198016681	0
3982	2.198568807	1
3983	2.199120934	1
3984	2.199673061	0
3985	2.200225188	0
3986	2.200777314	0
3987	2.201329441	1
3988	2.201881568	0
3989	2.202433695	0
3990	2.202985822	0
3991	2.203537948	0
3992	2.204090075	0
3993	2.204642202	0
3994	2.205194329	0
3995	2.205746455	0
3996	2.206298582	0
3997	2.206850709	0
3998	2.207402836	0
3999	2.207954962	1
4000	2.208507089	0
4001	2.209059216	0
4002	2.209611343	0
4003	2.21016347	1
4004	2.210715596	0
4005	2.211267723	0
4006	2.21181985	2
4007	2.212371977	0
4008	2.212924103	0
4009	2.21347623	0
4010	2.214028357	1
4011	2.214580484	0
4012	2.215132611	0
4013	2.215684737	1
4014	2.216236864	0
4015	2.216788991	0
4016	2.217341118	0
4017	2.217893244	0
4018	2.218445371	0
4019	2.218997498	0
4020	2.219549625	0
4021	2.220101751	0
4022	2.220653878	0
4023	2.221206005	1
4024	2.221758132	0
4025	2.222310259	0
4026	2.222862385	0
4027	2.223414512	1
4028	2.223966639	0
4029	2.224518766	0
4030	2.225070892	0
4031	2.225623019	0
4032	2.226175146	1
4033	2.226727273	0
4034	2.227279399	0
4035	2.227831526	1
4036	2.228383653	1
4037	2.22893578	0
4038	2.229487907	0
4039	2.230040033	0
4040	2.23059216	0
4041	2.231144287	0
4042	2.231696414	1
4043	2.23224854	0
4044	2.232800667	0
4045	2.233352794	0
4046	2.233904921	0
4047	2.234457048	0
4048	2.235009174	0
4049	2.235561301	0
4050	2.236113428	0
4051	2.236665555	0
4052	2.237217681	0
4053	2.237769808	0
4054	2.238321935	0
4055	2.238874062	0
4056	2.239426188	0
4057	2.239978315	0
4058	2.240530442	0
4059	2.241082569	0
4060	2.241634696	0
4061	2.242186822	0
4062	2.242738949	0
4063	2.243291076	0
4064	2.243843203	0
4065	2.244395329	0
4066	2.244947456	0
4067	2.245499583	0
4068	2.24605171	0
4069	2.246603837	0
4070	2.247155963	0
4071	2.24770809	1
4072	2.248260217	0
4073	2.248812344	0
4074	2.24936447	0
4075	2.249916597	0
4076	2.250468724	0
4077	2.251020851	0
4078	2.251572977	1
4079	2.252125104	0
4080	2.252677231	0
4081	2.253229358	0
4082	2.253781485	0
4083	2.254333611	0
4084	2.254885738	0
4085	2.255437865	0
4086	2.255989992	0
4087	2.256542118	0
4088	2.257094245	0
4089	2.257646372	1
4090	2.258198499	0
4091	2.258750626	0
4092	2.259302752	0
4093	2.259854879	0
4094	2.260407006	0
4095	2.260959133	0
