0	0	0
1	5.52E-04	0
2	0.001104253545	0
3	0.001656380317	0
4	0.002208507089	0
5	0.002760633862	0
6	0.003312760634	0
7	0.003864887406	1
8	0.004417014178	3
9	0.004969140951	1
10	0.005521267723	6
11	0.006073394495	5
12	0.006625521268	7
13	0.00717764804	9
14	0.007729774812	13
15	0.008281901585	19
16	0.008834028357	18
17	0.009386155129	36
18	0.009938281902	50
19	0.01049040867	59
20	0.01104253545	66
21	0.01159466222	71
22	0.01214678899	82
23	0.01269891576	104
24	0.01325104254	233
25	0.01380316931	358
26	0.01435529608	495
27	0.01490742285	983
28	0.01545954962	2928
29	0.0160116764	4816
30	0.01656380317	8585
31	0.01711592994	10157
32	0.01766805671	10296
33	0.01822018349	9293
34	0.01877231026	19543
35	0.01932443703	31815
36	0.0198765638	3984
37	0.02042869058	3327
38	0.02098081735	3312
39	0.02153294412	3687
40	0.02208507089	3794
41	0.02263719766	3742
42	0.02318932444	3735
43	0.02374145121	3669
44	0.02429357798	3491
45	0.02484570475	2922
46	0.02539783153	2542
47	0.0259499583	2024
48	0.02650208507	1612
49	0.02705421184	1384
50	0.02760633862	1185
51	0.02815846539	1013
52	0.02871059216	879
53	0.02926271893	737
54	0.0298148457	751
55	0.03036697248	668
56	0.03091909925	627
57	0.03147122602	562
58	0.03202335279	554
59	0.03257547957	558
60	0.03312760634	511
61	0.03367973311	474
62	0.03423185988	532
63	0.03478398666	490
64	0.03533611343	497
65	0.0358882402	465
66	0.03644036697	455
67	0.03699249374	537
68	0.03754462052	496
69	0.03809674729	505
70	0.03864887406	493
71	0.03920100083	479
72	0.03975312761	490
73	0.04030525438	530
74	0.04085738115	531
75	0.04140950792	529
76	0.0419616347	512
77	0.04251376147	511
78	0.04306588824	529
79	0.04361801501	592
80	0.04417014178	567
81	0.04472226856	590
82	0.04527439533	538
83	0.0458265221	476
84	0.04637864887	509
85	0.04693077565	474
86	0.04748290242	477
87	0.04803502919	463
88	0.04858715596	455
89	0.04913928274	515
90	0.04969140951	481
91	0.05024353628	481
92	0.05079566305	482
93	0.05134778982	452
94	0.0518999166	474
95	0.05245204337	467
96	0.05300417014	451
97	0.05355629691	483
98	0.05410842369	457
99	0.05466055046	422
100	0.05521267723	471
101	0.055764804	450
102	0.05631693078	510
103	0.05686905755	482
104	0.05742118432	484
105	0.05797331109	506
106	0.05852543786	475
107	0.05907756464	518
108	0.05962969141	494
109	0.06018181818	480
110	0.06073394495	475
111	0.06128607173	487
112	0.0618381985	487
113	0.06239032527	505
114	0.06294245204	464
115	0.06349457882	487
116	0.06404670559	466
117	0.06459883236	510
118	0.06515095913	484
119	0.0657030859	493
120	0.06625521268	520
121	0.06680733945	536
122	0.06735946622	507
123	0.06791159299	556
124	0.06846371977	455
125	0.06901584654	519
126	0.06956797331	487
127	0.07012010008	489
128	0.07067222686	518
129	0.07122435363	516
130	0.0717764804	517
131	0.07232860717	520
132	0.07288073394	522
133	0.07343286072	539
134	0.07398498749	516
135	0.07453711426	555
136	0.07508924103	516
137	0.07564136781	525
138	0.07619349458	553
139	0.07674562135	532
140	0.07729774812	548
141	0.0778498749	482
142	0.07840200167	519
143	0.07895412844	511
144	0.07950625521	500
145	0.08005838198	494
146	0.08061050876	525
147	0.08116263553	522
148	0.0817147623	507
149	0.08226688907	517
150	0.08281901585	522
151	0.08337114262	515
152	0.08392326939	505
153	0.08447539616	514
154	0.08502752294	540
155	0.08557964971	522
156	0.08613177648	517
157	0.08668390325	536
158	0.08723603003	513
159	0.0877881568	491
160	0.08834028357	515
161	0.08889241034	553
162	0.08944453711	490
163	0.08999666389	524
164	0.09054879066	520
165	0.09110091743	519
166	0.0916530442	513
167	0.09220517098	540
168	0.09275729775	560
169	0.09330942452	520
170	0.09386155129	535
171	0.09441367807	514
172	0.09496580484	497
173	0.09551793161	497
174	0.09607005838	558
175	0.09662218515	524
176	0.09717431193	518
177	0.0977264387	497
178	0.09827856547	479
179	0.09883069224	520
180	0.09938281902	510
181	0.09993494579	521
182	0.1004870726	496
183	0.1010391993	514
184	0.1015913261	524
185	0.1021434529	503
186	0.1026955796	490
187	0.1032477064	519
188	0.1037998332	495
189	0.10435196	547
190	0.1049040867	479
191	0.1054562135	492
192	0.1060083403	540
193	0.1065604671	532
194	0.1071125938	522
195	0.1076647206	567
196	0.1082168474	516
197	0.1087689741	533
198	0.1093211009	482
199	0.1098732277	513
200	0.1104253545	538
201	0.1109774812	494
202	0.111529608	465
203	0.1120817348	491
204	0.1126338616	533
205	0.1131859883	479
206	0.1137381151	557
207	0.1142902419	514
208	0.1148423686	482
209	0.1153944954	572
210	0.1159466222	540
211	0.116498749	539
212	0.1170508757	483
213	0.1176030025	532
214	0.1181551293	533
215	0.118707256	531
216	0.1192593828	516
217	0.1198115096	530
218	0.1203636364	492
219	0.1209157631	540
220	0.1214678899	516
221	0.1220200167	515
222	0.1225721435	542
223	0.1231242702	515
224	0.123676397	499
225	0.1242285238	501
226	0.1247806505	508
227	0.1253327773	518
228	0.1258849041	523
229	0.1264370309	563
230	0.1269891576	514
231	0.1275412844	533
232	0.1280934112	508
233	0.1286455379	516
234	0.1291976647	540
235	0.1297497915	522
236	0.1303019183	526
237	0.130854045	544
238	0.1314061718	528
239	0.1319582986	567
240	0.1325104254	505
241	0.1330625521	479
242	0.1336146789	528
243	0.1341668057	529
244	0.1347189324	518
245	0.1352710592	520
246	0.135823186	536
247	0.1363753128	492
248	0.1369274395	507
249	0.1374795663	498
250	0.1380316931	529
251	0.1385838198	489
252	0.1391359466	511
253	0.1396880734	540
254	0.1402402002	502
255	0.1407923269	455
256	0.1413444537	542
257	0.1418965805	516
258	0.1424487073	513
259	0.143000834	544
260	0.1435529608	535
261	0.1441050876	499
262	0.1446572143	507
263	0.1452093411	520
264	0.1457614679	546
265	0.1463135947	492
266	0.1468657214	491
267	0.1474178482	523
268	0.147969975	509
269	0.1485221018	492
270	0.1490742285	489
271	0.1496263553	480
272	0.1501784821	522
273	0.1507306088	479
274	0.1512827356	500
275	0.1518348624	513
276	0.1523869892	496
277	0.1529391159	579
278	0.1534912427	489
279	0.1540433695	538
280	0.1545954962	481
281	0.155147623	469
282	0.1556997498	523
283	0.1562518766	535
284	0.1568040033	504
285	0.1573561301	523
286	0.1579082569	508
287	0.1584603837	468
288	0.1590125104	507
289	0.1595646372	518
290	0.160116764	478
291	0.1606688907	514
292	0.1612210175	486
293	0.1617731443	498
294	0.1623252711	506
295	0.1628773978	546
296	0.1634295246	497
297	0.1639816514	517
298	0.1645337781	461
299	0.1650859049	511
300	0.1656380317	558
301	0.1661901585	543
302	0.1667422852	497
303	0.167294412	502
304	0.1678465388	493
305	0.1683986656	516
306	0.1689507923	521
307	0.1695029191	525
308	0.1700550459	494
309	0.1706071726	517
310	0.1711592994	527
311	0.1717114262	505
312	0.172263553	513
313	0.1728156797	520
314	0.1733678065	476
315	0.1739199333	538
316	0.1744720601	508
317	0.1750241868	520
318	0.1755763136	553
319	0.1761284404	507
320	0.1766805671	522
321	0.1772326939	510
322	0.1777848207	537
323	0.1783369475	565
324	0.1788890742	525
325	0.179441201	549
326	0.1799933278	532
327	0.1805454545	551
328	0.1810975813	504
329	0.1816497081	529
330	0.1822018349	518
331	0.1827539616	557
332	0.1833060884	544
333	0.1838582152	583
334	0.184410342	563
335	0.1849624687	502
336	0.1855145955	568
337	0.1860667223	610
338	0.186618849	560
339	0.1871709758	562
340	0.1877231026	593
341	0.1882752294	596
342	0.1888273561	574
343	0.1893794829	591
344	0.1899316097	584
345	0.1904837364	563
346	0.1910358632	517
347	0.19158799	578
348	0.1921401168	560
349	0.1926922435	511
350	0.1932443703	550
351	0.1937964971	551
352	0.1943486239	549
353	0.1949007506	572
354	0.1954528774	557
355	0.1960050042	587
356	0.1965571309	552
357	0.1971092577	623
358	0.1976613845	592
359	0.1982135113	603
360	0.198765638	583
361	0.1993177648	609
362	0.1998698916	589
363	0.2004220183	619
364	0.2009741451	608
365	0.2015262719	608
366	0.2020783987	552
367	0.2026305254	593
368	0.2031826522	578
369	0.203734779	580
370	0.2042869058	586
371	0.2048390325	574
372	0.2053911593	627
373	0.2059432861	583
374	0.2064954128	626
375	0.2070475396	598
376	0.2075996664	575
377	0.2081517932	599
378	0.2087039199	588
379	0.2092560467	619
380	0.2098081735	645
381	0.2103603003	594
382	0.210912427	578
383	0.2114645538	586
384	0.2120166806	598
385	0.2125688073	627
386	0.2131209341	629
387	0.2136730609	620
388	0.2142251877	600
389	0.2147773144	578
390	0.2153294412	601
391	0.215881568	553
392	0.2164336947	591
393	0.2169858215	586
394	0.2175379483	614
395	0.2180900751	588
396	0.2186422018	589
397	0.2191943286	612
398	0.2197464554	613
399	0.2202985822	565
400	0.2208507089	626
401	0.2214028357	582
402	0.2219549625	603
403	0.2225070892	602
404	0.223059216	539
405	0.2236113428	593
406	0.2241634696	583
407	0.2247155963	615
408	0.2252677231	590
409	0.2258198499	556
410	0.2263719766	576
411	0.2269241034	596
412	0.2274762302	596
413	0.228028357	550
414	0.2285804837	606
415	0.2291326105	584
416	0.2296847373	580
417	0.2302368641	533
418	0.2307889908	555
419	0.2313411176	553
420	0.2318932444	531
421	0.2324453711	577
422	0.2329974979	560
423	0.2335496247	617
424	0.2341017515	572
425	0.2346538782	553
426	0.235206005	603
427	0.2357581318	556
428	0.2363102585	556
429	0.2368623853	570
430	0.2374145121	585
431	0.2379666389	567
432	0.2385187656	538
433	0.2390708924	528
434	0.2396230192	549
435	0.240175146	563
436	0.2407272727	539
437	0.2412793995	553
438	0.2418315263	518
439	0.242383653	542
440	0.2429357798	525
441	0.2434879066	540
442	0.2440400334	545
443	0.2445921601	501
444	0.2451442869	547
445	0.2456964137	512
446	0.2462485405	519
447	0.2468006672	529
448	0.247352794	522
449	0.2479049208	494
450	0.2484570475	560
451	0.2490091743	500
452	0.2495613011	507
453	0.2501134279	537
454	0.2506655546	537
455	0.2512176814	515
456	0.2517698082	528
457	0.2523219349	519
458	0.2528740617	488
459	0.2534261885	498
460	0.2539783153	511
461	0.254530442	502
462	0.2550825688	513
463	0.2556346956	467
464	0.2561868224	480
465	0.2567389491	474
466	0.2572910759	549
467	0.2578432027	483
468	0.2583953294	501
469	0.2589474562	475
470	0.259499583	529
471	0.2600517098	513
472	0.2606038365	506
473	0.2611559633	494
474	0.2617080901	517
475	0.2622602168	492
476	0.2628123436	464
477	0.2633644704	509
478	0.2639165972	465
479	0.2644687239	498
480	0.2650208507	482
481	0.2655729775	449
482	0.2661251043	446
483	0.266677231	472
484	0.2672293578	447
485	0.2677814846	458
486	0.2683336113	494
487	0.2688857381	460
488	0.2694378649	455
489	0.2699899917	472
490	0.2705421184	479
491	0.2710942452	440
492	0.271646372	462
493	0.2721984987	478
494	0.2727506255	460
495	0.2733027523	438
496	0.2738548791	449
497	0.2744070058	470
498	0.2749591326	442
499	0.2755112594	451
500	0.2760633862	422
501	0.2766155129	475
502	0.2771676397	448
503	0.2777197665	457
504	0.2782718932	445
505	0.27882402	482
506	0.2793761468	479
507	0.2799282736	481
508	0.2804804003	445
509	0.2810325271	480
510	0.2815846539	444
511	0.2821367807	442
512	0.2826889074	437
513	0.2832410342	455
514	0.283793161	498
515	0.2843452877	444
516	0.2848974145	474
517	0.2854495413	436
518	0.2860016681	474
519	0.2865537948	428
520	0.2871059216	437
521	0.2876580484	426
522	0.2882101751	424
523	0.2887623019	406
524	0.2893144287	432
525	0.2898665555	428
526	0.2904186822	434
527	0.290970809	417
528	0.2915229358	447
529	0.2920750626	432
530	0.2926271893	410
531	0.2931793161	413
532	0.2937314429	412
533	0.2942835696	407
534	0.2948356964	432
535	0.2953878232	428
536	0.29593995	457
537	0.2964920767	450
538	0.2970442035	366
539	0.2975963303	400
540	0.298148457	436
541	0.2987005838	447
542	0.2992527106	442
543	0.2998048374	437
544	0.3003569641	368
545	0.3009090909	386
546	0.3014612177	407
547	0.3020133445	381
548	0.3025654712	421
549	0.303117598	451
550	0.3036697248	414
551	0.3042218515	405
552	0.3047739783	412
553	0.3053261051	377
554	0.3058782319	402
555	0.3064303586	383
556	0.3069824854	387
557	0.3075346122	427
558	0.3080867389	387
559	0.3086388657	400
560	0.3091909925	414
561	0.3097431193	383
562	0.310295246	408
563	0.3108473728	395
564	0.3113994996	402
565	0.3119516264	369
566	0.3125037531	425
567	0.3130558799	414
568	0.3136080067	391
569	0.3141601334	417
570	0.3147122602	418
571	0.315264387	409
572	0.3158165138	396
573	0.3163686405	361
574	0.3169207673	384
575	0.3174728941	395
576	0.3180250209	391
577	0.3185771476	392
578	0.3191292744	393
579	0.3196814012	413
580	0.3202335279	377
581	0.3207856547	393
582	0.3213377815	386
583	0.3218899083	410
584	0.322442035	376
585	0.3229941618	403
586	0.3235462886	427
587	0.3240984153	401
588	0.3246505421	374
589	0.3252026689	350
590	0.3257547957	411
591	0.3263069224	390
592	0.3268590492	392
593	0.327411176	412
594	0.3279633028	380
595	0.3285154295	358
596	0.3290675563	370
597	0.3296196831	377
598	0.3301718098	365
599	0.3307239366	374
600	0.3312760634	372
601	0.3318281902	371
602	0.3323803169	385
603	0.3329324437	335
604	0.3334845705	369
605	0.3340366972	345
606	0.334588824	365
607	0.3351409508	367
608	0.3356930776	358
609	0.3362452043	377
610	0.3367973311	384
611	0.3373494579	347
612	0.3379015847	370
613	0.3384537114	372
614	0.3390058382	379
615	0.339557965	360
616	0.3401100917	368
617	0.3406622185	387
618	0.3412143453	341
619	0.3417664721	376
620	0.3423185988	366
621	0.3428707256	386
622	0.3434228524	379
623	0.3439749791	376
624	0.3445271059	339
625	0.3450792327	366
626	0.3456313595	391
627	0.3461834862	375
628	0.346735613	383
629	0.3472877398	354
630	0.3478398666	389
631	0.3483919933	391
632	0.3489441201	356
633	0.3494962469	373
634	0.3500483736	377
635	0.3506005004	352
636	0.3511526272	353
637	0.351704754	375
638	0.3522568807	375
639	0.3528090075	354
640	0.3533611343	358
641	0.3539132611	375
642	0.3544653878	382
643	0.3550175146	338
644	0.3555696414	345
645	0.3561217681	399
646	0.3566738949	351
647	0.3572260217	312
648	0.3577781485	374
649	0.3583302752	362
650	0.358882402	365
651	0.3594345288	383
652	0.3599866555	360
653	0.3605387823	328
654	0.3610909091	331
655	0.3616430359	382
656	0.3621951626	372
657	0.3627472894	349
658	0.3632994162	350
659	0.363851543	355
660	0.3644036697	401
661	0.3649557965	350
662	0.3655079233	291
663	0.36606005	366
664	0.3666121768	362
665	0.3671643036	349
666	0.3677164304	341
667	0.3682685571	357
668	0.3688206839	327
669	0.3693728107	328
670	0.3699249374	329
671	0.3704770642	369
672	0.371029191	374
673	0.3715813178	389
674	0.3721334445	339
675	0.3726855713	384
676	0.3732376981	346
677	0.3737898249	370
678	0.3743419516	350
679	0.3748940784	355
680	0.3754462052	326
681	0.3759983319	368
682	0.3765504587	375
683	0.3771025855	359
684	0.3776547123	364
685	0.378206839	350
686	0.3787589658	359
687	0.3793110926	361
688	0.3798632193	370
689	0.3804153461	331
690	0.3809674729	359
691	0.3815195997	342
692	0.3820717264	355
693	0.3826238532	349
694	0.38317598	318
695	0.3837281068	325
696	0.3842802335	380
697	0.3848323603	339
698	0.3853844871	331
699	0.3859366138	346
700	0.3864887406	361
701	0.3870408674	313
702	0.3875929942	336
703	0.3881451209	347
704	0.3886972477	342
705	0.3892493745	334
706	0.3898015013	359
707	0.390353628	325
708	0.3909057548	342
709	0.3914578816	333
710	0.3920100083	367
711	0.3925621351	353
712	0.3931142619	365
713	0.3936663887	361
714	0.3942185154	350
715	0.3947706422	325
716	0.395322769	363
717	0.3958748957	329
718	0.3964270225	336
719	0.3969791493	364
720	0.3975312761	368
721	0.3980834028	334
722	0.3986355296	352
723	0.3991876564	328
724	0.3997397832	323
725	0.4002919099	370
726	0.4008440367	342
727	0.4013961635	344
728	0.4019482902	347
729	0.402500417	321
730	0.4030525438	317
731	0.4036046706	339
732	0.4041567973	369
733	0.4047089241	389
734	0.4052610509	353
735	0.4058131776	343
736	0.4063653044	322
737	0.4069174312	357
738	0.407469558	334
739	0.4080216847	374
740	0.4085738115	377
741	0.4091259383	375
742	0.4096780651	384
743	0.4102301918	327
744	0.4107823186	355
745	0.4113344454	354
746	0.4118865721	376
747	0.4124386989	339
748	0.4129908257	369
749	0.4135429525	358
750	0.4140950792	395
751	0.414647206	319
752	0.4151993328	317
753	0.4157514595	383
754	0.4163035863	347
755	0.4168557131	351
756	0.4174078399	365
757	0.4179599666	335
758	0.4185120934	329
759	0.4190642202	358
760	0.419616347	352
761	0.4201684737	362
762	0.4207206005	355
763	0.4212727273	354
764	0.421824854	375
765	0.4223769808	389
766	0.4229291076	368
767	0.4234812344	350
768	0.4240333611	348
769	0.4245854879	376
770	0.4251376147	359
771	0.4256897415	374
772	0.4262418682	336
773	0.426793995	358
774	0.4273461218	361
775	0.4278982485	359
776	0.4284503753	336
777	0.4290025021	344
778	0.4295546289	329
779	0.4301067556	351
780	0.4306588824	368
781	0.4312110092	340
782	0.4317631359	337
783	0.4323152627	321
784	0.4328673895	313
785	0.4334195163	353
786	0.433971643	353
787	0.4345237698	381
788	0.4350758966	351
789	0.4356280234	325
790	0.4361801501	339
791	0.4367322769	340
792	0.4372844037	383
793	0.4378365304	348
794	0.4383886572	311
795	0.438940784	317
796	0.4394929108	343
797	0.4400450375	347
798	0.4405971643	313
799	0.4411492911	335
800	0.4417014178	343
801	0.4422535446	318
802	0.4428056714	367
803	0.4433577982	390
804	0.4439099249	344
805	0.4444620517	323
806	0.4450141785	326
807	0.4455663053	317
808	0.446118432	322
809	0.4466705588	365
810	0.4472226856	343
811	0.4477748123	320
812	0.4483269391	362
813	0.4488790659	333
814	0.4494311927	321
815	0.4499833194	332
816	0.4505354462	287
817	0.451087573	336
818	0.4516396997	329
819	0.4521918265	339
820	0.4527439533	328
821	0.4532960801	305
822	0.4538482068	323
823	0.4544003336	326
824	0.4549524604	311
825	0.4555045872	331
826	0.4560567139	336
827	0.4566088407	315
828	0.4571609675	328
829	0.4577130942	288
830	0.458265221	295
831	0.4588173478	306
832	0.4593694746	289
833	0.4599216013	301
834	0.4604737281	312
835	0.4610258549	287
836	0.4615779817	308
837	0.4621301084	322
838	0.4626822352	262
839	0.463234362	311
840	0.4637864887	306
841	0.4643386155	286
842	0.4648907423	286
843	0.4654428691	283
844	0.4659949958	286
845	0.4665471226	276
846	0.4670992494	285
847	0.4676513761	286
848	0.4682035029	269
849	0.4687556297	278
850	0.4693077565	274
851	0.4698598832	269
852	0.47041201	279
853	0.4709641368	285
854	0.4715162636	262
855	0.4720683903	224
856	0.4726205171	259
857	0.4731726439	267
858	0.4737247706	278
859	0.4742768974	268
860	0.4748290242	248
861	0.475381151	264
862	0.4759332777	233
863	0.4764854045	238
864	0.4770375313	242
865	0.477589658	217
866	0.4781417848	218
867	0.4786939116	231
868	0.4792460384	219
869	0.4797981651	221
870	0.4803502919	232
871	0.4809024187	255
872	0.4814545455	223
873	0.4820066722	237
874	0.482558799	229
875	0.4831109258	210
876	0.4836630525	212
877	0.4842151793	224
878	0.4847673061	221
879	0.4853194329	191
880	0.4858715596	210
881	0.4864236864	220
882	0.4869758132	187
883	0.4875279399	194
884	0.4880800667	222
885	0.4886321935	172
886	0.4891843203	164
887	0.489736447	183
888	0.4902885738	188
889	0.4908407006	167
890	0.4913928274	176
891	0.4919449541	200
892	0.4924970809	177
893	0.4930492077	170
894	0.4936013344	179
895	0.4941534612	184
896	0.494705588	179
897	0.4952577148	181
898	0.4958098415	200
899	0.4963619683	142
900	0.4969140951	180
901	0.4974662219	188
902	0.4980183486	150
903	0.4985704754	156
904	0.4991226022	164
905	0.4996747289	161
906	0.5002268557	160
907	0.5007789825	161
908	0.5013311093	162
909	0.501883236	155
910	0.5024353628	139
911	0.5029874896	158
912	0.5035396163	156
913	0.5040917431	153
914	0.5046438699	156
915	0.5051959967	164
916	0.5057481234	160
917	0.5063002502	143
918	0.506852377	153
919	0.5074045038	137
920	0.5079566305	135
921	0.5085087573	165
922	0.5090608841	144
923	0.5096130108	160
924	0.5101651376	162
925	0.5107172644	122
926	0.5112693912	147
927	0.5118215179	135
928	0.5123736447	150
929	0.5129257715	142
930	0.5134778982	123
931	0.514030025	143
932	0.5145821518	134
933	0.5151342786	163
934	0.5156864053	132
935	0.5162385321	124
936	0.5167906589	132
937	0.5173427857	147
938	0.5178949124	135
939	0.5184470392	123
940	0.518999166	143
941	0.5195512927	141
942	0.5201034195	125
943	0.5206555463	124
944	0.5212076731	125
945	0.5217597998	133
946	0.5223119266	112
947	0.5228640534	123
948	0.5234161802	140
949	0.5239683069	118
950	0.5245204337	103
951	0.5250725605	134
952	0.5256246872	117
953	0.526176814	126
954	0.5267289408	110
955	0.5272810676	121
956	0.5278331943	109
957	0.5283853211	105
958	0.5289374479	111
959	0.5294895746	121
960	0.5300417014	119
961	0.5305938282	131
962	0.531145955	128
963	0.5316980817	109
964	0.5322502085	116
965	0.5328023353	125
966	0.5333544621	108
967	0.5339065888	127
968	0.5344587156	115
969	0.5350108424	125
970	0.5355629691	98
971	0.5361150959	115
972	0.5366672227	119
973	0.5372193495	114
974	0.5377714762	123
975	0.538323603	113
976	0.5388757298	99
977	0.5394278565	97
978	0.5399799833	102
979	0.5405321101	111
980	0.5410842369	100
981	0.5416363636	94
982	0.5421884904	115
983	0.5427406172	88
984	0.543292744	106
985	0.5438448707	98
986	0.5443969975	109
987	0.5449491243	117
988	0.545501251	108
989	0.5460533778	93
990	0.5466055046	97
991	0.5471576314	106
992	0.5477097581	96
993	0.5482618849	92
994	0.5488140117	107
995	0.5493661384	118
996	0.5499182652	102
997	0.550470392	113
998	0.5510225188	93
999	0.5515746455	106
1000	0.5521267723	95
1001	0.5526788991	91
1002	0.5532310259	105
1003	0.5537831526	94
1004	0.5543352794	106
1005	0.5548874062	93
1006	0.5554395329	95
1007	0.5559916597	109
1008	0.5565437865	128
1009	0.5570959133	91
1010	0.55764804	99
1011	0.5582001668	108
1012	0.5587522936	105
1013	0.5593044204	91
1014	0.5598565471	96
1015	0.5604086739	96
1016	0.5609608007	91
1017	0.5615129274	110
1018	0.5620650542	83
1019	0.562617181	111
1020	0.5631693078	80
1021	0.5637214345	100
1022	0.5642735613	86
1023	0.5648256881	82
1024	0.5653778148	100
1025	0.5659299416	89
1026	0.5664820684	88
1027	0.5670341952	106
1028	0.5675863219	97
1029	0.5681384487	106
1030	0.5686905755	96
1031	0.5692427023	99
1032	0.569794829	93
1033	0.5703469558	91
1034	0.5708990826	101
1035	0.5714512093	100
1036	0.5720033361	80
1037	0.5725554629	91
1038	0.5731075897	118
1039	0.5736597164	99
1040	0.5742118432	102
1041	0.57476397	113
1042	0.5753160967	90
1043	0.5758682235	96
1044	0.5764203503	126
1045	0.5769724771	102
1046	0.5775246038	87
1047	0.5780767306	86
1048	0.5786288574	101
1049	0.5791809842	104
1050	0.5797331109	93
1051	0.5802852377	99
1052	0.5808373645	90
1053	0.5813894912	90
1054	0.581941618	106
1055	0.5824937448	113
1056	0.5830458716	92
1057	0.5835979983	101
1058	0.5841501251	118
1059	0.5847022519	98
1060	0.5852543786	103
1061	0.5858065054	82
1062	0.5863586322	91
1063	0.586910759	109
1064	0.5874628857	104
1065	0.5880150125	83
1066	0.5885671393	94
1067	0.5891192661	116
1068	0.5896713928	120
1069	0.5902235196	91
1070	0.5907756464	113
1071	0.5913277731	116
1072	0.5918798999	104
1073	0.5924320267	114
1074	0.5929841535	118
1075	0.5935362802	114
1076	0.594088407	114
1077	0.5946405338	124
1078	0.5951926606	117
1079	0.5957447873	119
1080	0.5962969141	115
1081	0.5968490409	115
1082	0.5974011676	100
1083	0.5979532944	113
1084	0.5985054212	126
1085	0.599057548	118
1086	0.5996096747	121
1087	0.6001618015	99
1088	0.6007139283	116
1089	0.601266055	138
1090	0.6018181818	142
1091	0.6023703086	119
1092	0.6029224354	159
1093	0.6034745621	113
1094	0.6040266889	133
1095	0.6045788157	120
1096	0.6051309425	141
1097	0.6056830692	149
1098	0.606235196	161
1099	0.6067873228	136
1100	0.6073394495	161
1101	0.6078915763	164
1102	0.6084437031	161
1103	0.6089958299	163
1104	0.6095479566	179
1105	0.6101000834	172
1106	0.6106522102	183
1107	0.6112043369	203
1108	0.6117564637	185
1109	0.6123085905	184
1110	0.6128607173	193
1111	0.613412844	194
1112	0.6139649708	189
1113	0.6145170976	203
1114	0.6150692244	216
1115	0.6156213511	210
1116	0.6161734779	224
1117	0.6167256047	241
1118	0.6172777314	264
1119	0.6178298582	240
1120	0.618381985	274
1121	0.6189341118	251
1122	0.6194862385	312
1123	0.6200383653	316
1124	0.6205904921	293
1125	0.6211426188	289
1126	0.6216947456	307
1127	0.6222468724	312
1128	0.6227989992	310
1129	0.6233511259	325
1130	0.6239032527	385
1131	0.6244553795	369
1132	0.6250075063	398
1133	0.625559633	382
1134	0.6261117598	387
1135	0.6266638866	401
1136	0.6272160133	357
1137	0.6277681401	477
1138	0.6283202669	411
1139	0.6288723937	461
1140	0.6294245204	476
1141	0.6299766472	499
1142	0.630528774	488
1143	0.6310809008	561
1144	0.6316330275	586
1145	0.6321851543	557
1146	0.6327372811	554
1147	0.6332894078	619
1148	0.6338415346	599
1149	0.6343936614	647
1150	0.6349457882	633
1151	0.6354979149	634
1152	0.6360500417	620
1153	0.6366021685	657
1154	0.6371542952	670
1155	0.637706422	724
1156	0.6382585488	753
1157	0.6388106756	763
1158	0.6393628023	810
1159	0.6399149291	770
1160	0.6404670559	788
1161	0.6410191827	889
1162	0.6415713094	921
1163	0.6421234362	816
1164	0.642675563	820
1165	0.6432276897	913
1166	0.6437798165	953
1167	0.6443319433	940
1168	0.6448840701	961
1169	0.6454361968	1060
1170	0.6459883236	1006
1171	0.6465404504	980
1172	0.6470925771	1040
1173	0.6476447039	998
1174	0.6481968307	1064
1175	0.6487489575	1087
1176	0.6493010842	1144
1177	0.649853211	1182
1178	0.6504053378	1182
1179	0.6509574646	1175
1180	0.6515095913	1118
1181	0.6520617181	1299
1182	0.6526138449	1211
1183	0.6531659716	1242
1184	0.6537180984	1276
1185	0.6542702252	1284
1186	0.654822352	1287
1187	0.6553744787	1311
1188	0.6559266055	1358
1189	0.6564787323	1345
1190	0.657030859	1378
1191	0.6575829858	1335
1192	0.6581351126	1374
1193	0.6586872394	1383
1194	0.6592393661	1440
1195	0.6597914929	1448
1196	0.6603436197	1491
1197	0.6608957465	1397
1198	0.6614478732	1473
1199	0.662		1378
1200	0.6625521268	1475
1201	0.6631042535	1508
1202	0.6636563803	1467
1203	0.6642085071	1517
1204	0.6647606339	1546
1205	0.6653127606	1501
1206	0.6658648874	1472
1207	0.6664170142	1507
1208	0.666969141	1531
1209	0.6675212677	1523
1210	0.6680733945	1540
1211	0.6686255213	1541
1212	0.669177648	1592
1213	0.6697297748	1390
1214	0.6702819016	1560
1215	0.6708340284	1504
1216	0.6713861551	1516
1217	0.6719382819	1518
1218	0.6724904087	1444
1219	0.6730425354	1568
1220	0.6735946622	1459
1221	0.674146789	1450
1222	0.6746989158	1437
1223	0.6752510425	1527
1224	0.6758031693	1404
1225	0.6763552961	1445
1226	0.6769074229	1511
1227	0.6774595496	1393
1228	0.6780116764	1423
1229	0.6785638032	1437
1230	0.6791159299	1337
1231	0.6796680567	1357
1232	0.6802201835	1348
1233	0.6807723103	1299
1234	0.681324437	1273
1235	0.6818765638	1259
1236	0.6824286906	1244
1237	0.6829808173	1252
1238	0.6835329441	1199
1239	0.6840850709	1190
1240	0.6846371977	1203
1241	0.6851893244	1111
1242	0.6857414512	1160
1243	0.686293578	1106
1244	0.6868457048	1132
1245	0.6873978315	1053
1246	0.6879499583	1106
1247	0.6885020851	1005
1248	0.6890542118	953
1249	0.6896063386	997
1250	0.6901584654	972
1251	0.6907105922	967
1252	0.6912627189	971
1253	0.6918148457	946
1254	0.6923669725	923
1255	0.6929190992	850
1256	0.693471226	780
1257	0.6940233528	821
1258	0.6945754796	741
1259	0.6951276063	802
1260	0.6956797331	753
1261	0.6962318599	706
1262	0.6967839867	701
1263	0.6973361134	674
1264	0.6978882402	629
1265	0.698440367	646
1266	0.6989924937	652
1267	0.6995446205	574
1268	0.7000967473	609
1269	0.7006488741	552
1270	0.7012010008	522
1271	0.7017531276	536
1272	0.7023052544	525
1273	0.7028573812	469
1274	0.7034095079	459
1275	0.7039616347	481
1276	0.7045137615	437
1277	0.7050658882	450
1278	0.705618015	404
1279	0.7061701418	391
1280	0.7067222686	355
1281	0.7072743953	362
1282	0.7078265221	336
1283	0.7083786489	352
1284	0.7089307756	331
1285	0.7094829024	291
1286	0.7100350292	305
1287	0.710587156	278
1288	0.7111392827	251
1289	0.7116914095	264
1290	0.7122435363	265
1291	0.7127956631	252
1292	0.7133477898	214
1293	0.7138999166	219
1294	0.7144520434	199
1295	0.7150041701	173
1296	0.7155562969	183
1297	0.7161084237	175
1298	0.7166605505	166
1299	0.7172126772	185
1300	0.717764804	153
1301	0.7183169308	143
1302	0.7188690575	119
1303	0.7194211843	125
1304	0.7199733111	129
1305	0.7205254379	109
1306	0.7210775646	124
1307	0.7216296914	107
1308	0.7221818182	98
1309	0.722733945	101
1310	0.7232860717	101
1311	0.7238381985	84
1312	0.7243903253	105
1313	0.724942452	71
1314	0.7254945788	69
1315	0.7260467056	85
1316	0.7265988324	69
1317	0.7271509591	58
1318	0.7277030859	65
1319	0.7282552127	76
1320	0.7288073394	54
1321	0.7293594662	56
1322	0.729911593	49
1323	0.7304637198	46
1324	0.7310158465	41
1325	0.7315679733	42
1326	0.7321201001	53
1327	0.7326722269	40
1328	0.7332243536	29
1329	0.7337764804	33
1330	0.7343286072	39
1331	0.7348807339	49
1332	0.7354328607	38
1333	0.7359849875	23
1334	0.7365371143	32
1335	0.737089241	26
1336	0.7376413678	25
1337	0.7381934946	20
1338	0.7387456214	27
1339	0.7392977481	24
1340	0.7398498749	22
1341	0.7404020017	20
1342	0.7409541284	22
1343	0.7415062552	20
1344	0.742058382	19
1345	0.7426105088	21
1346	0.7431626355	20
1347	0.7437147623	18
1348	0.7442668891	12
1349	0.7448190158	14
1350	0.7453711426	24
1351	0.7459232694	14
1352	0.7464753962	14
1353	0.7470275229	24
1354	0.7475796497	13
1355	0.7481317765	13
1356	0.7486839033	17
1357	0.74923603	24
1358	0.7497881568	14
1359	0.7503402836	17
1360	0.7508924103	11
1361	0.7514445371	13
1362	0.7519966639	8
1363	0.7525487907	14
1364	0.7531009174	10
1365	0.7536530442	15
1366	0.754205171	14
1367	0.7547572977	10
1368	0.7553094245	11
1369	0.7558615513	10
1370	0.7564136781	14
1371	0.7569658048	9
1372	0.7575179316	14
1373	0.7580700584	17
1374	0.7586221852	14
1375	0.7591743119	15
1376	0.7597264387	13
1377	0.7602785655	14
1378	0.7608306922	16
1379	0.761382819	11
1380	0.7619349458	6
1381	0.7624870726	14
1382	0.7630391993	14
1383	0.7635913261	14
1384	0.7641434529	14
1385	0.7646955796	7
1386	0.7652477064	7
1387	0.7657998332	7
1388	0.76635196	10
1389	0.7669040867	10
1390	0.7674562135	12
1391	0.7680083403	14
1392	0.7685604671	7
1393	0.7691125938	13
1394	0.7696647206	19
1395	0.7702168474	14
1396	0.7707689741	14
1397	0.7713211009	7
1398	0.7718732277	19
1399	0.7724253545	12
1400	0.7729774812	14
1401	0.773529608	10
1402	0.7740817348	9
1403	0.7746338616	20
1404	0.7751859883	8
1405	0.7757381151	9
1406	0.7762902419	11
1407	0.7768423686	14
1408	0.7773944954	10
1409	0.7779466222	20
1410	0.778498749	16
1411	0.7790508757	7
1412	0.7796030025	8
1413	0.7801551293	12
1414	0.780707256	13
1415	0.7812593828	5
1416	0.7818115096	18
1417	0.7823636364	12
1418	0.7829157631	7
1419	0.7834678899	9
1420	0.7840200167	9
1421	0.7845721435	8
1422	0.7851242702	13
1423	0.785676397	7
1424	0.7862285238	12
1425	0.7867806505	9
1426	0.7873327773	11
1427	0.7878849041	13
1428	0.7884370309	14
1429	0.7889891576	15
1430	0.7895412844	10
1431	0.7900934112	11
1432	0.7906455379	14
1433	0.7911976647	7
1434	0.7917497915	9
1435	0.7923019183	10
1436	0.792854045	8
1437	0.7934061718	13
1438	0.7939582986	11
1439	0.7945104254	9
1440	0.7950625521	14
1441	0.7956146789	15
1442	0.7961668057	11
1443	0.7967189324	12
1444	0.7972710592	9
1445	0.797823186	4
1446	0.7983753128	9
1447	0.7989274395	10
1448	0.7994795663	9
1449	0.8000316931	10
1450	0.8005838198	12
1451	0.8011359466	5
1452	0.8016880734	14
1453	0.8022402002	17
1454	0.8027923269	11
1455	0.8033444537	12
1456	0.8038965805	18
1457	0.8044487073	16
1458	0.805000834	6
1459	0.8055529608	5
1460	0.8061050876	12
1461	0.8066572143	11
1462	0.8072093411	11
1463	0.8077614679	10
1464	0.8083135947	10
1465	0.8088657214	11
1466	0.8094178482	8
1467	0.809969975	9
1468	0.8105221018	8
1469	0.8110742285	10
1470	0.8116263553	10
1471	0.8121784821	2
1472	0.8127306088	15
1473	0.8132827356	9
1474	0.8138348624	10
1475	0.8143869892	8
1476	0.8149391159	3
1477	0.8154912427	8
1478	0.8160433695	14
1479	0.8165954962	9
1480	0.817147623	4
1481	0.8176997498	18
1482	0.8182518766	9
1483	0.8188040033	11
1484	0.8193561301	13
1485	0.8199082569	12
1486	0.8204603837	9
1487	0.8210125104	18
1488	0.8215646372	11
1489	0.822116764	11
1490	0.8226688907	8
1491	0.8232210175	17
1492	0.8237731443	12
1493	0.8243252711	10
1494	0.8248773978	4
1495	0.8254295246	9
1496	0.8259816514	13
1497	0.8265337781	11
1498	0.8270859049	6
1499	0.8276380317	8
1500	0.8281901585	10
1501	0.8287422852	19
1502	0.829294412	10
1503	0.8298465388	7
1504	0.8303986656	8
1505	0.8309507923	11
1506	0.8315029191	12
1507	0.8320550459	7
1508	0.8326071726	5
1509	0.8331592994	4
1510	0.8337114262	11
1511	0.834263553	8
1512	0.8348156797	15
1513	0.8353678065	7
1514	0.8359199333	6
1515	0.8364720601	5
1516	0.8370241868	10
1517	0.8375763136	10
1518	0.8381284404	12
1519	0.8386805671	14
1520	0.8392326939	7
1521	0.8397848207	7
1522	0.8403369475	10
1523	0.8408890742	12
1524	0.841441201	9
1525	0.8419933278	10
1526	0.8425454545	8
1527	0.8430975813	9
1528	0.8436497081	9
1529	0.8442018349	14
1530	0.8447539616	6
1531	0.8453060884	14
1532	0.8458582152	12
1533	0.846410342	10
1534	0.8469624687	8
1535	0.8475145955	18
1536	0.8480667223	9
1537	0.848618849	10
1538	0.8491709758	7
1539	0.8497231026	7
1540	0.8502752294	12
1541	0.8508273561	10
1542	0.8513794829	10
1543	0.8519316097	10
1544	0.8524837364	8
1545	0.8530358632	8
1546	0.85358799	14
1547	0.8541401168	11
1548	0.8546922435	7
1549	0.8552443703	6
1550	0.8557964971	9
1551	0.8563486239	13
1552	0.8569007506	4
1553	0.8574528774	10
1554	0.8580050042	9
1555	0.8585571309	9
1556	0.8591092577	11
1557	0.8596613845	11
1558	0.8602135113	7
1559	0.860765638	8
1560	0.8613177648	5
1561	0.8618698916	11
1562	0.8624220183	7
1563	0.8629741451	8
1564	0.8635262719	2
1565	0.8640783987	9
1566	0.8646305254	8
1567	0.8651826522	7
1568	0.865734779	9
1569	0.8662869058	7
1570	0.8668390325	10
1571	0.8673911593	13
1572	0.8679432861	7
1573	0.8684954128	7
1574	0.8690475396	11
1575	0.8695996664	10
1576	0.8701517932	13
1577	0.8707039199	10
1578	0.8712560467	8
1579	0.8718081735	7
1580	0.8723603003	7
1581	0.872912427	9
1582	0.8734645538	6
1583	0.8740166806	13
1584	0.8745688073	5
1585	0.8751209341	14
1586	0.8756730609	7
1587	0.8762251877	17
1588	0.8767773144	10
1589	0.8773294412	5
1590	0.877881568	8
1591	0.8784336947	8
1592	0.8789858215	11
1593	0.8795379483	8
1594	0.8800900751	8
1595	0.8806422018	10
1596	0.8811943286	9
1597	0.8817464554	13
1598	0.8822985822	13
1599	0.8828507089	3
1600	0.8834028357	8
1601	0.8839549625	9
1602	0.8845070892	6
1603	0.885059216	13
1604	0.8856113428	15
1605	0.8861634696	9
1606	0.8867155963	8
1607	0.8872677231	6
1608	0.8878198499	6
1609	0.8883719766	11
1610	0.8889241034	10
1611	0.8894762302	9
1612	0.890028357	8
1613	0.8905804837	7
1614	0.8911326105	4
1615	0.8916847373	11
1616	0.8922368641	7
1617	0.8927889908	3
1618	0.8933411176	6
1619	0.8938932444	13
1620	0.8944453711	11
1621	0.8949974979	12
1622	0.8955496247	10
1623	0.8961017515	9
1624	0.8966538782	4
1625	0.897206005	9
1626	0.8977581318	12
1627	0.8983102585	5
1628	0.8988623853	9
1629	0.8994145121	11
1630	0.8999666389	12
1631	0.9005187656	8
1632	0.9010708924	5
1633	0.9016230192	4
1634	0.902175146	9
1635	0.9027272727	13
1636	0.9032793995	4
1637	0.9038315263	7
1638	0.904383653	10
1639	0.9049357798	7
1640	0.9054879066	6
1641	0.9060400334	6
1642	0.9065921601	2
1643	0.9071442869	9
1644	0.9076964137	8
1645	0.9082485405	8
1646	0.9088006672	8
1647	0.909352794	5
1648	0.9099049208	6
1649	0.9104570475	9
1650	0.9110091743	4
1651	0.9115613011	6
1652	0.9121134279	3
1653	0.9126655546	5
1654	0.9132176814	8
1655	0.9137698082	4
1656	0.9143219349	4
1657	0.9148740617	8
1658	0.9154261885	4
1659	0.9159783153	5
1660	0.916530442	6
1661	0.9170825688	7
1662	0.9176346956	13
1663	0.9181868224	3
1664	0.9187389491	11
1665	0.9192910759	10
1666	0.9198432027	7
1667	0.9203953294	11
1668	0.9209474562	5
1669	0.921499583	5
1670	0.9220517098	12
1671	0.9226038365	14
1672	0.9231559633	6
1673	0.9237080901	6
1674	0.9242602168	8
1675	0.9248123436	11
1676	0.9253644704	4
1677	0.9259165972	7
1678	0.9264687239	13
1679	0.9270208507	7
1680	0.9275729775	5
1681	0.9281251043	7
1682	0.928677231	4
1683	0.9292293578	6
1684	0.9297814846	2
1685	0.9303336113	4
1686	0.9308857381	5
1687	0.9314378649	12
1688	0.9319899917	10
1689	0.9325421184	6
1690	0.9330942452	8
1691	0.933646372	4
1692	0.9341984987	6
1693	0.9347506255	1
1694	0.9353027523	10
1695	0.9358548791	7
1696	0.9364070058	7
1697	0.9369591326	8
1698	0.9375112594	6
1699	0.9380633862	7
1700	0.9386155129	5
1701	0.9391676397	6
1702	0.9397197665	8
1703	0.9402718932	7
1704	0.94082402	15
1705	0.9413761468	3
1706	0.9419282736	4
1707	0.9424804003	4
1708	0.9430325271	5
1709	0.9435846539	8
1710	0.9441367807	9
1711	0.9446889074	6
1712	0.9452410342	3
1713	0.945793161	2
1714	0.9463452877	7
1715	0.9468974145	4
1716	0.9474495413	4
1717	0.9480016681	6
1718	0.9485537948	2
1719	0.9491059216	6
1720	0.9496580484	8
1721	0.9502101751	5
1722	0.9507623019	11
1723	0.9513144287	4
1724	0.9518665555	5
1725	0.9524186822	1
1726	0.952970809	5
1727	0.9535229358	7
1728	0.9540750626	10
1729	0.9546271893	5
1730	0.9551793161	4
1731	0.9557314429	7
1732	0.9562835696	4
1733	0.9568356964	7
1734	0.9573878232	5
1735	0.95793995	4
1736	0.9584920767	9
1737	0.9590442035	7
1738	0.9595963303	10
1739	0.960148457	9
1740	0.9607005838	5
1741	0.9612527106	12
1742	0.9618048374	7
1743	0.9623569641	6
1744	0.9629090909	9
1745	0.9634612177	5
1746	0.9640133445	4
1747	0.9645654712	7
1748	0.965117598	4
1749	0.9656697248	5
1750	0.9662218515	7
1751	0.9667739783	5
1752	0.9673261051	3
1753	0.9678782319	5
1754	0.9684303586	3
1755	0.9689824854	3
1756	0.9695346122	8
1757	0.9700867389	3
1758	0.9706388657	3
1759	0.9711909925	6
1760	0.9717431193	6
1761	0.972295246	6
1762	0.9728473728	7
1763	0.9733994996	5
1764	0.9739516264	8
1765	0.9745037531	4
1766	0.9750558799	5
1767	0.9756080067	9
1768	0.9761601334	5
1769	0.9767122602	6
1770	0.977264387	11
1771	0.9778165138	11
1772	0.9783686405	5
1773	0.9789207673	7
1774	0.9794728941	5
1775	0.9800250209	6
1776	0.9805771476	2
1777	0.9811292744	4
1778	0.9816814012	2
1779	0.9822335279	8
1780	0.9827856547	9
1781	0.9833377815	7
1782	0.9838899083	5
1783	0.984442035	4
1784	0.9849941618	10
1785	0.9855462886	5
1786	0.9860984153	2
1787	0.9866505421	5
1788	0.9872026689	3
1789	0.9877547957	4
1790	0.9883069224	5
1791	0.9888590492	2
1792	0.989411176	6
1793	0.9899633028	5
1794	0.9905154295	3
1795	0.9910675563	6
1796	0.9916196831	2
1797	0.9921718098	7
1798	0.9927239366	3
1799	0.9932760634	5
1800	0.9938281902	2
1801	0.9943803169	2
1802	0.9949324437	5
1803	0.9954845705	2
1804	0.9960366972	8
1805	0.996588824	5
1806	0.9971409508	3
1807	0.9976930776	8
1808	0.9982452043	5
1809	0.9987973311	9
1810	0.9993494579	3
1811	0.9999015847	10
1812	1.000453711	3
1813	1.001005838	5
1814	1.001557965	4
1815	1.002110092	5
1816	1.002662219	5
1817	1.003214345	8
1818	1.003766472	7
1819	1.004318599	5
1820	1.004870726	7
1821	1.005422852	6
1822	1.005974979	8
1823	1.006527106	4
1824	1.007079233	5
1825	1.007631359	8
1826	1.008183486	4
1827	1.008735613	7
1828	1.00928774	3
1829	1.009839867	7
1830	1.010391993	3
1831	1.01094412	6
1832	1.011496247	8
1833	1.012048374	3
1834	1.0126005	2
1835	1.013152627	6
1836	1.013704754	3
1837	1.014256881	8
1838	1.014809008	5
1839	1.015361134	5
1840	1.015913261	3
1841	1.016465388	5
1842	1.017017515	4
1843	1.017569641	5
1844	1.018121768	2
1845	1.018673895	4
1846	1.019226022	9
1847	1.019778148	4
1848	1.020330275	2
1849	1.020882402	3
1850	1.021434529	4
1851	1.021986656	6
1852	1.022538782	4
1853	1.023090909	5
1854	1.023643036	3
1855	1.024195163	11
1856	1.024747289	5
1857	1.025299416	7
1858	1.025851543	7
1859	1.02640367	1
1860	1.026955796	5
1861	1.027507923	5
1862	1.02806005	3
1863	1.028612177	3
1864	1.029164304	4
1865	1.02971643	4
1866	1.030268557	9
1867	1.030820684	5
1868	1.031372811	2
1869	1.031924937	2
1870	1.032477064	3
1871	1.033029191	2
1872	1.033581318	1
1873	1.034133445	7
1874	1.034685571	6
1875	1.035237698	7
1876	1.035789825	4
1877	1.036341952	5
1878	1.036894078	5
1879	1.037446205	8
1880	1.037998332	5
1881	1.038550459	2
1882	1.039102585	2
1883	1.039654712	7
1884	1.040206839	5
1885	1.040758966	7
1886	1.041311093	1
1887	1.041863219	2
1888	1.042415346	5
1889	1.042967473	6
1890	1.0435196	10
1891	1.044071726	3
1892	1.044623853	3
1893	1.04517598	3
1894	1.045728107	3
1895	1.046280234	8
1896	1.04683236	5
1897	1.047384487	1
1898	1.047936614	4
1899	1.048488741	2
1900	1.049040867	4
1901	1.049592994	3
1902	1.050145121	2
1903	1.050697248	2
1904	1.051249374	8
1905	1.051801501	5
1906	1.052353628	2
1907	1.052905755	4
1908	1.053457882	2
1909	1.054010008	6
1910	1.054562135	5
1911	1.055114262	2
1912	1.055666389	6
1913	1.056218515	3
1914	1.056770642	3
1915	1.057322769	3
1916	1.057874896	4
1917	1.058427023	4
1918	1.058979149	3
1919	1.059531276	6
1920	1.060083403	5
1921	1.06063553	4
1922	1.061187656	3
1923	1.061739783	5
1924	1.06229191	7
1925	1.062844037	1
1926	1.063396163	2
1927	1.06394829	5
1928	1.064500417	1
1929	1.065052544	2
1930	1.065604671	6
1931	1.066156797	5
1932	1.066708924	7
1933	1.067261051	3
1934	1.067813178	8
1935	1.068365304	4
1936	1.068917431	3
1937	1.069469558	2
1938	1.070021685	5
1939	1.070573812	4
1940	1.071125938	2
1941	1.071678065	2
1942	1.072230192	6
1943	1.072782319	4
1944	1.073334445	5
1945	1.073886572	2
1946	1.074438699	2
1947	1.074990826	6
1948	1.075542952	2
1949	1.076095079	7
1950	1.076647206	3
1951	1.077199333	7
1952	1.07775146	5
1953	1.078303586	3
1954	1.078855713	2
1955	1.07940784	7
1956	1.079959967	6
1957	1.080512093	5
1958	1.08106422	4
1959	1.081616347	2
1960	1.082168474	8
1961	1.082720601	6
1962	1.083272727	7
1963	1.083824854	5
1964	1.084376981	7
1965	1.084929108	3
1966	1.085481234	10
1967	1.086033361	3
1968	1.086585488	4
1969	1.087137615	1
1970	1.087689741	2
1971	1.088241868	2
1972	1.088793995	2
1973	1.089346122	4
1974	1.089898249	2
1975	1.090450375	4
1976	1.091002502	4
1977	1.091554629	6
1978	1.092106756	5
1979	1.092658882	2
1980	1.093211009	2
1981	1.093763136	8
1982	1.094315263	5
1983	1.094867389	2
1984	1.095419516	3
1985	1.095971643	5
1986	1.09652377	9
1987	1.097075897	3
1988	1.097628023	3
1989	1.09818015	3
1990	1.098732277	4
1991	1.099284404	3
1992	1.09983653	2
1993	1.100388657	5
1994	1.100940784	3
1995	1.101492911	4
1996	1.102045038	1
1997	1.102597164	3
1998	1.103149291	4
1999	1.103701418	4
2000	1.104253545	2
2001	1.104805671	2
2002	1.105357798	2
2003	1.105909925	6
2004	1.106462052	5
2005	1.107014178	6
2006	1.107566305	2
2007	1.108118432	3
2008	1.108670559	5
2009	1.109222686	2
2010	1.109774812	2
2011	1.110326939	8
2012	1.110879066	2
2013	1.111431193	3
2014	1.111983319	7
2015	1.112535446	8
2016	1.113087573	7
2017	1.1136397	2
2018	1.114191827	3
2019	1.114743953	5
2020	1.11529608	5
2021	1.115848207	1
2022	1.116400334	2
2023	1.11695246	4
2024	1.117504587	4
2025	1.118056714	6
2026	1.118608841	2
2027	1.119160967	4
2028	1.119713094	4
2029	1.120265221	6
2030	1.120817348	5
2031	1.121369475	5
2032	1.121921601	5
2033	1.122473728	1
2034	1.123025855	6
2035	1.123577982	0
2036	1.124130108	3
2037	1.124682235	3
2038	1.125234362	2
2039	1.125786489	6
2040	1.126338616	8
2041	1.126890742	2
2042	1.127442869	3
2043	1.127994996	2
2044	1.128547123	5
2045	1.129099249	2
2046	1.129651376	2
2047	1.130203503	4
2048	1.13075563	5
2049	1.131307756	8
2050	1.131859883	4
2051	1.13241201	1
2052	1.132964137	2
2053	1.133516264	4
2054	1.13406839	2
2055	1.134620517	1
2056	1.135172644	3
2057	1.135724771	2
2058	1.136276897	1
2059	1.136829024	1
2060	1.137381151	3
2061	1.137933278	1
2062	1.138485405	4
2063	1.139037531	4
2064	1.139589658	1
2065	1.140141785	6
2066	1.140693912	3
2067	1.141246038	2
2068	1.141798165	0
2069	1.142350292	4
2070	1.142902419	5
2071	1.143454545	6
2072	1.144006672	3
2073	1.144558799	2
2074	1.145110926	2
2075	1.145663053	2
2076	1.146215179	3
2077	1.146767306	4
2078	1.147319433	1
2079	1.14787156	2
2080	1.148423686	2
2081	1.148975813	4
2082	1.14952794	7
2083	1.150080067	2
2084	1.150632193	5
2085	1.15118432	1
2086	1.151736447	6
2087	1.152288574	4
2088	1.152840701	3
2089	1.153392827	3
2090	1.153944954	8
2091	1.154497081	8
2092	1.155049208	3
2093	1.155601334	3
2094	1.156153461	2
2095	1.156705588	6
2096	1.157257715	2
2097	1.157809842	2
2098	1.158361968	2
2099	1.158914095	0
2100	1.159466222	2
2101	1.160018349	4
2102	1.160570475	2
2103	1.161122602	3
2104	1.161674729	5
2105	1.162226856	5
2106	1.162778982	1
2107	1.163331109	2
2108	1.163883236	4
2109	1.164435363	4
2110	1.16498749	7
2111	1.165539616	2
2112	1.166091743	2
2113	1.16664387	4
2114	1.167195997	2
2115	1.167748123	4
2116	1.16830025	2
2117	1.168852377	2
2118	1.169404504	2
2119	1.169956631	3
2120	1.170508757	2
2121	1.171060884	1
2122	1.171613011	4
2123	1.172165138	1
2124	1.172717264	2
2125	1.173269391	5
2126	1.173821518	3
2127	1.174373645	2
2128	1.174925771	5
2129	1.175477898	7
2130	1.176030025	0
2131	1.176582152	6
2132	1.177134279	6
2133	1.177686405	4
2134	1.178238532	1
2135	1.178790659	0
2136	1.179342786	3
2137	1.179894912	5
2138	1.180447039	1
2139	1.180999166	1
2140	1.181551293	2
2141	1.18210342	2
2142	1.182655546	3
2143	1.183207673	3
2144	1.1837598	3
2145	1.184311927	9
2146	1.184864053	3
2147	1.18541618	4
2148	1.185968307	5
2149	1.186520434	0
2150	1.18707256	4
2151	1.187624687	3
2152	1.188176814	4
2153	1.188728941	3
2154	1.189281068	3
2155	1.189833194	1
2156	1.190385321	2
2157	1.190937448	4
2158	1.191489575	4
2159	1.192041701	2
2160	1.192593828	1
2161	1.193145955	5
2162	1.193698082	1
2163	1.194250209	4
2164	1.194802335	4
2165	1.195354462	4
2166	1.195906589	1
2167	1.196458716	4
2168	1.197010842	5
2169	1.197562969	2
2170	1.198115096	1
2171	1.198667223	3
2172	1.199219349	2
2173	1.199771476	0
2174	1.200323603	3
2175	1.20087573	1
2176	1.201427857	0
2177	1.201979983	1
2178	1.20253211	2
2179	1.203084237	5
2180	1.203636364	1
2181	1.20418849	3
2182	1.204740617	1
2183	1.205292744	3
2184	1.205844871	0
2185	1.206396997	2
2186	1.206949124	2
2187	1.207501251	3
2188	1.208053378	3
2189	1.208605505	2
2190	1.209157631	3
2191	1.209709758	0
2192	1.210261885	1
2193	1.210814012	3
2194	1.211366138	3
2195	1.211918265	3
2196	1.212470392	4
2197	1.213022519	3
2198	1.213574646	1
2199	1.214126772	2
2200	1.214678899	2
2201	1.215231026	3
2202	1.215783153	2
2203	1.216335279	4
2204	1.216887406	2
2205	1.217439533	0
2206	1.21799166	5
2207	1.218543786	1
2208	1.219095913	6
2209	1.21964804	1
2210	1.220200167	2
2211	1.220752294	3
2212	1.22130442	2
2213	1.221856547	7
2214	1.222408674	4
2215	1.222960801	3
2216	1.223512927	5
2217	1.224065054	1
2218	1.224617181	1
2219	1.225169308	2
2220	1.225721435	1
2221	1.226273561	7
2222	1.226825688	6
2223	1.227377815	1
2224	1.227929942	2
2225	1.228482068	3
2226	1.229034195	1
2227	1.229586322	5
2228	1.230138449	3
2229	1.230690575	2
2230	1.231242702	4
2231	1.231794829	3
2232	1.232346956	2
2233	1.232899083	3
2234	1.233451209	2
2235	1.234003336	1
2236	1.234555463	1
2237	1.23510759	1
2238	1.235659716	2
2239	1.236211843	4
2240	1.23676397	3
2241	1.237316097	4
2242	1.237868224	1
2243	1.23842035	0
2244	1.238972477	0
2245	1.239524604	0
2246	1.240076731	7
2247	1.240628857	0
2248	1.241180984	2
2249	1.241733111	1
2250	1.242285238	1
2251	1.242837364	6
2252	1.243389491	0
2253	1.243941618	3
2254	1.244493745	1
2255	1.245045872	6
2256	1.245597998	4
2257	1.246150125	2
2258	1.246702252	4
2259	1.247254379	5
2260	1.247806505	3
2261	1.248358632	3
2262	1.248910759	0
2263	1.249462886	1
2264	1.250015013	4
2265	1.250567139	3
2266	1.251119266	5
2267	1.251671393	4
2268	1.25222352	2
2269	1.252775646	4
2270	1.253327773	0
2271	1.2538799	6
2272	1.254432027	4
2273	1.254984153	4
2274	1.25553628	2
2275	1.256088407	2
2276	1.256640534	3
2277	1.257192661	2
2278	1.257744787	2
2279	1.258296914	5
2280	1.258849041	2
2281	1.259401168	1
2282	1.259953294	0
2283	1.260505421	4
2284	1.261057548	2
2285	1.261609675	5
2286	1.262161802	3
2287	1.262713928	2
2288	1.263266055	3
2289	1.263818182	0
2290	1.264370309	2
2291	1.264922435	4
2292	1.265474562	0
2293	1.266026689	0
2294	1.266578816	1
2295	1.267130942	1
2296	1.267683069	4
2297	1.268235196	3
2298	1.268787323	2
2299	1.26933945	1
2300	1.269891576	1
2301	1.270443703	1
2302	1.27099583	4
2303	1.271547957	3
2304	1.272100083	4
2305	1.27265221	3
2306	1.273204337	1
2307	1.273756464	4
2308	1.27430859	3
2309	1.274860717	4
2310	1.275412844	3
2311	1.275964971	1
2312	1.276517098	3
2313	1.277069224	4
2314	1.277621351	3
2315	1.278173478	3
2316	1.278725605	4
2317	1.279277731	5
2318	1.279829858	4
2319	1.280381985	1
2320	1.280934112	4
2321	1.281486239	3
2322	1.282038365	1
2323	1.282590492	3
2324	1.283142619	2
2325	1.283694746	1
2326	1.284246872	0
2327	1.284798999	2
2328	1.285351126	5
2329	1.285903253	2
2330	1.286455379	3
2331	1.287007506	4
2332	1.287559633	4
2333	1.28811176	6
2334	1.288663887	4
2335	1.289216013	3
2336	1.28976814	2
2337	1.290320267	0
2338	1.290872394	6
2339	1.29142452	4
2340	1.291976647	5
2341	1.292528774	2
2342	1.293080901	2
2343	1.293633028	0
2344	1.294185154	4
2345	1.294737281	3
2346	1.295289408	4
2347	1.295841535	1
2348	1.296393661	6
2349	1.296945788	2
2350	1.297497915	4
2351	1.298050042	1
2352	1.298602168	1
2353	1.299154295	1
2354	1.299706422	1
2355	1.300258549	0
2356	1.300810676	4
2357	1.301362802	5
2358	1.301914929	3
2359	1.302467056	4
2360	1.303019183	2
2361	1.303571309	2
2362	1.304123436	4
2363	1.304675563	6
2364	1.30522769	3
2365	1.305779817	3
2366	1.306331943	4
2367	1.30688407	1
2368	1.307436197	2
2369	1.307988324	3
2370	1.30854045	6
2371	1.309092577	4
2372	1.309644704	2
2373	1.310196831	3
2374	1.310748957	5
2375	1.311301084	0
2376	1.311853211	1
2377	1.312405338	2
2378	1.312957465	2
2379	1.313509591	1
2380	1.314061718	4
2381	1.314613845	4
2382	1.315165972	1
2383	1.315718098	2
2384	1.316270225	5
2385	1.316822352	3
2386	1.317374479	2
2387	1.317926606	2
2388	1.318478732	2
2389	1.319030859	3
2390	1.319582986	3
2391	1.320135113	0
2392	1.320687239	3
2393	1.321239366	2
2394	1.321791493	5
2395	1.32234362	3
2396	1.322895746	3
2397	1.323447873	0
2398	1.324		4
2399	1.324552127	5
2400	1.325104254	3
2401	1.32565638	2
2402	1.326208507	0
2403	1.326760634	2
2404	1.327312761	4
2405	1.327864887	2
2406	1.328417014	5
2407	1.328969141	1
2408	1.329521268	2
2409	1.330073394	6
2410	1.330625521	3
2411	1.331177648	4
2412	1.331729775	4
2413	1.332281902	3
2414	1.332834028	1
2415	1.333386155	1
2416	1.333938282	2
2417	1.334490409	1
2418	1.335042535	5
2419	1.335594662	2
2420	1.336146789	5
2421	1.336698916	2
2422	1.337251043	1
2423	1.337803169	3
2424	1.338355296	2
2425	1.338907423	1
2426	1.33945955	4
2427	1.340011676	3
2428	1.340563803	1
2429	1.34111593	3
2430	1.341668057	2
2431	1.342220183	3
2432	1.34277231	1
2433	1.343324437	5
2434	1.343876564	1
2435	1.344428691	2
2436	1.344980817	2
2437	1.345532944	3
2438	1.346085071	0
2439	1.346637198	3
2440	1.347189324	2
2441	1.347741451	3
2442	1.348293578	2
2443	1.348845705	1
2444	1.349397832	5
2445	1.349949958	1
2446	1.350502085	2
2447	1.351054212	2
2448	1.351606339	2
2449	1.352158465	1
2450	1.352710592	2
2451	1.353262719	2
2452	1.353814846	3
2453	1.354366972	2
2454	1.354919099	2
2455	1.355471226	1
2456	1.356023353	0
2457	1.35657548	1
2458	1.357127606	4
2459	1.357679733	1
2460	1.35823186	2
2461	1.358783987	1
2462	1.359336113	4
2463	1.35988824	1
2464	1.360440367	3
2465	1.360992494	2
2466	1.361544621	3
2467	1.362096747	1
2468	1.362648874	1
2469	1.363201001	0
2470	1.363753128	3
2471	1.364305254	2
2472	1.364857381	1
2473	1.365409508	2
2474	1.365961635	1
2475	1.366513761	1
2476	1.367065888	1
2477	1.367618015	4
2478	1.368170142	1
2479	1.368722269	2
2480	1.369274395	3
2481	1.369826522	1
2482	1.370378649	1
2483	1.370930776	8
2484	1.371482902	3
2485	1.372035029	5
2486	1.372587156	2
2487	1.373139283	0
2488	1.37369141	3
2489	1.374243536	5
2490	1.374795663	0
2491	1.37534779	3
2492	1.375899917	1
2493	1.376452043	1
2494	1.37700417	0
2495	1.377556297	1
2496	1.378108424	4
2497	1.37866055	3
2498	1.379212677	2
2499	1.379764804	2
2500	1.380316931	1
2501	1.380869058	3
2502	1.381421184	3
2503	1.381973311	2
2504	1.382525438	2
2505	1.383077565	2
2506	1.383629691	1
2507	1.384181818	4
2508	1.384733945	1
2509	1.385286072	3
2510	1.385838198	3
2511	1.386390325	4
2512	1.386942452	1
2513	1.387494579	1
2514	1.388046706	2
2515	1.388598832	0
2516	1.389150959	3
2517	1.389703086	3
2518	1.390255213	1
2519	1.390807339	0
2520	1.391359466	2
2521	1.391911593	4
2522	1.39246372	1
2523	1.393015847	1
2524	1.393567973	2
2525	1.3941201	4
2526	1.394672227	1
2527	1.395224354	0
2528	1.39577648	6
2529	1.396328607	1
2530	1.396880734	0
2531	1.397432861	0
2532	1.397984987	0
2533	1.398537114	1
2534	1.399089241	3
2535	1.399641368	2
2536	1.400193495	0
2537	1.400745621	2
2538	1.401297748	3
2539	1.401849875	1
2540	1.402402002	1
2541	1.402954128	1
2542	1.403506255	1
2543	1.404058382	1
2544	1.404610509	1
2545	1.405162636	0
2546	1.405714762	3
2547	1.406266889	1
2548	1.406819016	2
2549	1.407371143	1
2550	1.407923269	5
2551	1.408475396	2
2552	1.409027523	0
2553	1.40957965	2
2554	1.410131776	1
2555	1.410683903	0
2556	1.41123603	1
2557	1.411788157	0
2558	1.412340284	1
2559	1.41289241	1
2560	1.413444537	2
2561	1.413996664	2
2562	1.414548791	2
2563	1.415100917	1
2564	1.415653044	0
2565	1.416205171	0
2566	1.416757298	1
2567	1.417309425	2
2568	1.417861551	1
2569	1.418413678	3
2570	1.418965805	1
2571	1.419517932	3
2572	1.420070058	1
2573	1.420622185	1
2574	1.421174312	0
2575	1.421726439	0
2576	1.422278565	1
2577	1.422830692	0
2578	1.423382819	2
2579	1.423934946	1
2580	1.424487073	1
2581	1.425039199	2
2582	1.425591326	3
2583	1.426143453	2
2584	1.42669558	0
2585	1.427247706	0
2586	1.427799833	1
2587	1.42835196	2
2588	1.428904087	2
2589	1.429456214	1
2590	1.43000834	1
2591	1.430560467	3
2592	1.431112594	2
2593	1.431664721	1
2594	1.432216847	2
2595	1.432768974	2
2596	1.433321101	1
2597	1.433873228	3
2598	1.434425354	2
2599	1.434977481	3
2600	1.435529608	3
2601	1.436081735	2
2602	1.436633862	1
2603	1.437185988	3
2604	1.437738115	2
2605	1.438290242	1
2606	1.438842369	2
2607	1.439394495	1
2608	1.439946622	3
2609	1.440498749	2
2610	1.441050876	0
2611	1.441603003	0
2612	1.442155129	0
2613	1.442707256	4
2614	1.443259383	2
2615	1.44381151	2
2616	1.444363636	1
2617	1.444915763	0
2618	1.44546789	1
2619	1.446020017	0
2620	1.446572143	0
2621	1.44712427	2
2622	1.447676397	1
2623	1.448228524	1
2624	1.448780651	1
2625	1.449332777	4
2626	1.449884904	1
2627	1.450437031	0
2628	1.450989158	1
2629	1.451541284	1
2630	1.452093411	0
2631	1.452645538	2
2632	1.453197665	2
2633	1.453749791	1
2634	1.454301918	2
2635	1.454854045	1
2636	1.455406172	2
2637	1.455958299	2
2638	1.456510425	0
2639	1.457062552	2
2640	1.457614679	1
2641	1.458166806	0
2642	1.458718932	0
2643	1.459271059	0
2644	1.459823186	1
2645	1.460375313	3
2646	1.46092744	1
2647	1.461479566	1
2648	1.462031693	0
2649	1.46258382	1
2650	1.463135947	1
2651	1.463688073	0
2652	1.4642402	3
2653	1.464792327	2
2654	1.465344454	0
2655	1.46589658	2
2656	1.466448707	0
2657	1.467000834	0
2658	1.467552961	0
2659	1.468105088	2
2660	1.468657214	1
2661	1.469209341	0
2662	1.469761468	1
2663	1.470313595	3
2664	1.470865721	2
2665	1.471417848	2
2666	1.471969975	1
2667	1.472522102	0
2668	1.473074229	1
2669	1.473626355	1
2670	1.474178482	0
2671	1.474730609	0
2672	1.475282736	1
2673	1.475834862	0
2674	1.476386989	0
2675	1.476939116	0
2676	1.477491243	1
2677	1.478043369	1
2678	1.478595496	0
2679	1.479147623	2
2680	1.47969975	1
2681	1.480251877	1
2682	1.480804003	0
2683	1.48135613	1
2684	1.481908257	0
2685	1.482460384	1
2686	1.48301251	1
2687	1.483564637	0
2688	1.484116764	0
2689	1.484668891	0
2690	1.485221018	0
2691	1.485773144	0
2692	1.486325271	0
2693	1.486877398	0
2694	1.487429525	1
2695	1.487981651	0
2696	1.488533778	0
2697	1.489085905	0
2698	1.489638032	0
2699	1.490190158	1
2700	1.490742285	2
2701	1.491294412	0
2702	1.491846539	1
2703	1.492398666	3
2704	1.492950792	0
2705	1.493502919	1
2706	1.494055046	1
2707	1.494607173	0
2708	1.495159299	2
2709	1.495711426	2
2710	1.496263553	1
2711	1.49681568	1
2712	1.497367807	2
2713	1.497919933	1
2714	1.49847206	0
2715	1.499024187	0
2716	1.499576314	2
2717	1.50012844	1
2718	1.500680567	1
2719	1.501232694	0
2720	1.501784821	0
2721	1.502336947	0
2722	1.502889074	1
2723	1.503441201	0
2724	1.503993328	0
2725	1.504545455	0
2726	1.505097581	0
2727	1.505649708	0
2728	1.506201835	3
2729	1.506753962	1
2730	1.507306088	0
2731	1.507858215	0
2732	1.508410342	0
2733	1.508962469	0
2734	1.509514595	0
2735	1.510066722	0
2736	1.510618849	0
2737	1.511170976	0
2738	1.511723103	2
2739	1.512275229	0
2740	1.512827356	1
2741	1.513379483	0
2742	1.51393161	0
2743	1.514483736	0
2744	1.515035863	0
2745	1.51558799	0
2746	1.516140117	1
2747	1.516692244	0
2748	1.51724437	0
2749	1.517796497	1
2750	1.518348624	1
2751	1.518900751	0
2752	1.519452877	1
2753	1.520005004	2
2754	1.520557131	0
2755	1.521109258	2
2756	1.521661384	0
2757	1.522213511	0
2758	1.522765638	0
2759	1.523317765	0
2760	1.523869892	0
2761	1.524422018	0
2762	1.524974145	1
2763	1.525526272	0
2764	1.526078399	0
2765	1.526630525	0
2766	1.527182652	0
2767	1.527734779	0
2768	1.528286906	0
2769	1.528839033	1
2770	1.529391159	1
2771	1.529943286	0
2772	1.530495413	0
2773	1.53104754	0
2774	1.531599666	0
2775	1.532151793	0
2776	1.53270392	0
2777	1.533256047	0
2778	1.533808173	0
2779	1.5343603	0
2780	1.534912427	0
2781	1.535464554	0
2782	1.536016681	0
2783	1.536568807	0
2784	1.537120934	1
2785	1.537673061	0
2786	1.538225188	0
2787	1.538777314	0
2788	1.539329441	0
2789	1.539881568	0
2790	1.540433695	0
2791	1.540985822	0
2792	1.541537948	2
2793	1.542090075	2
2794	1.542642202	0
2795	1.543194329	0
2796	1.543746455	2
2797	1.544298582	1
2798	1.544850709	1
2799	1.545402836	0
2800	1.545954962	0
2801	1.546507089	0
2802	1.547059216	0
2803	1.547611343	1
2804	1.54816347	1
2805	1.548715596	2
2806	1.549267723	0
2807	1.54981985	0
2808	1.550371977	0
2809	1.550924103	0
2810	1.55147623	0
2811	1.552028357	0
2812	1.552580484	0
2813	1.553132611	0
2814	1.553684737	0
2815	1.554236864	0
2816	1.554788991	0
2817	1.555341118	0
2818	1.555893244	2
2819	1.556445371	0
2820	1.556997498	1
2821	1.557549625	1
2822	1.558101751	0
2823	1.558653878	0
2824	1.559206005	0
2825	1.559758132	0
2826	1.560310259	0
2827	1.560862385	0
2828	1.561414512	0
2829	1.561966639	2
2830	1.562518766	2
2831	1.563070892	0
2832	1.563623019	0
2833	1.564175146	0
2834	1.564727273	0
2835	1.565279399	0
2836	1.565831526	0
2837	1.566383653	0
2838	1.56693578	0
2839	1.567487907	1
2840	1.568040033	0
2841	1.56859216	1
2842	1.569144287	0
2843	1.569696414	0
2844	1.57024854	0
2845	1.570800667	0
2846	1.571352794	1
2847	1.571904921	0
2848	1.572457048	0
2849	1.573009174	1
2850	1.573561301	0
2851	1.574113428	0
2852	1.574665555	0
2853	1.575217681	0
2854	1.575769808	0
2855	1.576321935	0
2856	1.576874062	0
2857	1.577426188	0
2858	1.577978315	0
2859	1.578530442	0
2860	1.579082569	0
2861	1.579634696	0
2862	1.580186822	0
2863	1.580738949	0
2864	1.581291076	1
2865	1.581843203	0
2866	1.582395329	1
2867	1.582947456	0
2868	1.583499583	0
2869	1.58405171	0
2870	1.584603837	0
2871	1.585155963	0
2872	1.58570809	0
2873	1.586260217	0
2874	1.586812344	0
2875	1.58736447	0
2876	1.587916597	1
2877	1.588468724	1
2878	1.589020851	0
2879	1.589572977	0
2880	1.590125104	0
2881	1.590677231	0
2882	1.591229358	0
2883	1.591781485	0
2884	1.592333611	0
2885	1.592885738	0
2886	1.593437865	0
2887	1.593989992	1
2888	1.594542118	0
2889	1.595094245	1
2890	1.595646372	0
2891	1.596198499	0
2892	1.596750626	0
2893	1.597302752	0
2894	1.597854879	0
2895	1.598407006	0
2896	1.598959133	1
2897	1.599511259	0
2898	1.600063386	0
2899	1.600615513	0
2900	1.60116764	0
2901	1.601719766	0
2902	1.602271893	0
2903	1.60282402	1
2904	1.603376147	0
2905	1.603928274	1
2906	1.6044804	0
2907	1.605032527	0
2908	1.605584654	0
2909	1.606136781	0
2910	1.606688907	0
2911	1.607241034	0
2912	1.607793161	0
2913	1.608345288	0
2914	1.608897415	0
2915	1.609449541	0
2916	1.610001668	0
2917	1.610553795	0
2918	1.611105922	0
2919	1.611658048	0
2920	1.612210175	0
2921	1.612762302	0
2922	1.613314429	0
2923	1.613866555	1
2924	1.614418682	0
2925	1.614970809	0
2926	1.615522936	0
2927	1.616075063	1
2928	1.616627189	0
2929	1.617179316	1
2930	1.617731443	0
2931	1.61828357	1
2932	1.618835696	0
2933	1.619387823	0
2934	1.61993995	1
2935	1.620492077	0
2936	1.621044204	1
2937	1.62159633	1
2938	1.622148457	0
2939	1.622700584	1
2940	1.623252711	0
2941	1.623804837	0
2942	1.624356964	0
2943	1.624909091	0
2944	1.625461218	0
2945	1.626013344	0
2946	1.626565471	0
2947	1.627117598	0
2948	1.627669725	0
2949	1.628221852	0
2950	1.628773978	0
2951	1.629326105	0
2952	1.629878232	0
2953	1.630430359	0
2954	1.630982485	0
2955	1.631534612	0
2956	1.632086739	0
2957	1.632638866	0
2958	1.633190992	0
2959	1.633743119	1
2960	1.634295246	0
2961	1.634847373	1
2962	1.6353995	0
2963	1.635951626	1
2964	1.636503753	2
2965	1.63705588	0
2966	1.637608007	0
2967	1.638160133	0
2968	1.63871226	0
2969	1.639264387	1
2970	1.639816514	1
2971	1.640368641	0
2972	1.640920767	0
2973	1.641472894	0
2974	1.642025021	0
2975	1.642577148	0
2976	1.643129274	0
2977	1.643681401	0
2978	1.644233528	0
2979	1.644785655	1
2980	1.645337781	1
2981	1.645889908	0
2982	1.646442035	0
2983	1.646994162	0
2984	1.647546289	0
2985	1.648098415	0
2986	1.648650542	0
2987	1.649202669	1
2988	1.649754796	0
2989	1.650306922	0
2990	1.650859049	0
2991	1.651411176	2
2992	1.651963303	0
2993	1.65251543	1
2994	1.653067556	1
2995	1.653619683	0
2996	1.65417181	0
2997	1.654723937	0
2998	1.655276063	1
2999	1.65582819	0
3000	1.656380317	0
3001	1.656932444	0
3002	1.65748457	0
3003	1.658036697	0
3004	1.658588824	0
3005	1.659140951	1
3006	1.659693078	0
3007	1.660245204	0
3008	1.660797331	0
3009	1.661349458	0
3010	1.661901585	0
3011	1.662453711	1
3012	1.663005838	0
3013	1.663557965	0
3014	1.664110092	1
3015	1.664662219	0
3016	1.665214345	0
3017	1.665766472	0
3018	1.666318599	1
3019	1.666870726	0
3020	1.667422852	0
3021	1.667974979	0
3022	1.668527106	1
3023	1.669079233	1
3024	1.669631359	1
3025	1.670183486	0
3026	1.670735613	0
3027	1.67128774	0
3028	1.671839867	0
3029	1.672391993	0
3030	1.67294412	0
3031	1.673496247	0
3032	1.674048374	0
3033	1.6746005	2
3034	1.675152627	1
3035	1.675704754	0
3036	1.676256881	1
3037	1.676809008	0
3038	1.677361134	0
3039	1.677913261	2
3040	1.678465388	0
3041	1.679017515	0
3042	1.679569641	1
3043	1.680121768	0
3044	1.680673895	0
3045	1.681226022	1
3046	1.681778148	0
3047	1.682330275	0
3048	1.682882402	1
3049	1.683434529	0
3050	1.683986656	0
3051	1.684538782	0
3052	1.685090909	1
3053	1.685643036	0
3054	1.686195163	0
3055	1.686747289	0
3056	1.687299416	0
3057	1.687851543	0
3058	1.68840367	0
3059	1.688955796	1
3060	1.689507923	1
3061	1.69006005	0
3062	1.690612177	0
3063	1.691164304	0
3064	1.69171643	0
3065	1.692268557	0
3066	1.692820684	0
3067	1.693372811	1
3068	1.693924937	1
3069	1.694477064	1
3070	1.695029191	0
3071	1.695581318	1
3072	1.696133445	0
3073	1.696685571	0
3074	1.697237698	0
3075	1.697789825	1
3076	1.698341952	1
3077	1.698894078	0
3078	1.699446205	0
3079	1.699998332	0
3080	1.700550459	0
3081	1.701102585	1
3082	1.701654712	1
3083	1.702206839	0
3084	1.702758966	0
3085	1.703311093	0
3086	1.703863219	1
3087	1.704415346	1
3088	1.704967473	0
3089	1.7055196	0
3090	1.706071726	0
3091	1.706623853	0
3092	1.70717598	0
3093	1.707728107	0
3094	1.708280234	0
3095	1.70883236	0
3096	1.709384487	0
3097	1.709936614	0
3098	1.710488741	1
3099	1.711040867	0
3100	1.711592994	0
3101	1.712145121	1
3102	1.712697248	0
3103	1.713249374	0
3104	1.713801501	0
3105	1.714353628	0
3106	1.714905755	0
3107	1.715457882	0
3108	1.716010008	0
3109	1.716562135	0
3110	1.717114262	0
3111	1.717666389	0
3112	1.718218515	0
3113	1.718770642	0
3114	1.719322769	0
3115	1.719874896	0
3116	1.720427023	0
3117	1.720979149	0
3118	1.721531276	1
3119	1.722083403	0
3120	1.72263553	1
3121	1.723187656	0
3122	1.723739783	1
3123	1.72429191	0
3124	1.724844037	1
3125	1.725396163	1
3126	1.72594829	0
3127	1.726500417	0
3128	1.727052544	0
3129	1.727604671	0
3130	1.728156797	0
3131	1.728708924	0
3132	1.729261051	1
3133	1.729813178	0
3134	1.730365304	0
3135	1.730917431	0
3136	1.731469558	1
3137	1.732021685	0
3138	1.732573812	0
3139	1.733125938	0
3140	1.733678065	0
3141	1.734230192	0
3142	1.734782319	0
3143	1.735334445	1
3144	1.735886572	0
3145	1.736438699	0
3146	1.736990826	0
3147	1.737542952	0
3148	1.738095079	0
3149	1.738647206	0
3150	1.739199333	0
3151	1.73975146	1
3152	1.740303586	0
3153	1.740855713	1
3154	1.74140784	0
3155	1.741959967	1
3156	1.742512093	1
3157	1.74306422	0
3158	1.743616347	0
3159	1.744168474	0
3160	1.744720601	1
3161	1.745272727	1
3162	1.745824854	0
3163	1.746376981	0
3164	1.746929108	0
3165	1.747481234	0
3166	1.748033361	0
3167	1.748585488	0
3168	1.749137615	0
3169	1.749689741	0
3170	1.750241868	1
3171	1.750793995	0
3172	1.751346122	1
3173	1.751898249	0
3174	1.752450375	0
3175	1.753002502	0
3176	1.753554629	0
3177	1.754106756	0
3178	1.754658882	1
3179	1.755211009	0
3180	1.755763136	0
3181	1.756315263	0
3182	1.756867389	0
3183	1.757419516	0
3184	1.757971643	1
3185	1.75852377	0
3186	1.759075897	0
3187	1.759628023	1
3188	1.76018015	0
3189	1.760732277	1
3190	1.761284404	0
3191	1.76183653	0
3192	1.762388657	1
3193	1.762940784	2
3194	1.763492911	0
3195	1.764045038	0
3196	1.764597164	0
3197	1.765149291	0
3198	1.765701418	0
3199	1.766253545	0
3200	1.766805671	1
3201	1.767357798	0
3202	1.767909925	0
3203	1.768462052	0
3204	1.769014178	1
3205	1.769566305	0
3206	1.770118432	1
3207	1.770670559	0
3208	1.771222686	1
3209	1.771774812	0
3210	1.772326939	0
3211	1.772879066	0
3212	1.773431193	0
3213	1.773983319	0
3214	1.774535446	2
3215	1.775087573	0
3216	1.7756397	0
3217	1.776191827	0
3218	1.776743953	0
3219	1.77729608	0
3220	1.777848207	0
3221	1.778400334	0
3222	1.77895246	0
3223	1.779504587	0
3224	1.780056714	0
3225	1.780608841	1
3226	1.781160967	1
3227	1.781713094	0
3228	1.782265221	0
3229	1.782817348	1
3230	1.783369475	1
3231	1.783921601	1
3232	1.784473728	0
3233	1.785025855	0
3234	1.785577982	0
3235	1.786130108	0
3236	1.786682235	0
3237	1.787234362	0
3238	1.787786489	0
3239	1.788338616	0
3240	1.788890742	0
3241	1.789442869	0
3242	1.789994996	0
3243	1.790547123	0
3244	1.791099249	0
3245	1.791651376	0
3246	1.792203503	0
3247	1.79275563	2
3248	1.793307756	0
3249	1.793859883	0
3250	1.79441201	0
3251	1.794964137	0
3252	1.795516264	1
3253	1.79606839	2
3254	1.796620517	0
3255	1.797172644	0
3256	1.797724771	0
3257	1.798276897	1
3258	1.798829024	0
3259	1.799381151	0
3260	1.799933278	1
3261	1.800485405	0
3262	1.801037531	0
3263	1.801589658	1
3264	1.802141785	0
3265	1.802693912	0
3266	1.803246038	0
3267	1.803798165	0
3268	1.804350292	0
3269	1.804902419	0
3270	1.805454545	0
3271	1.806006672	0
3272	1.806558799	0
3273	1.807110926	0
3274	1.807663053	0
3275	1.808215179	0
3276	1.808767306	0
3277	1.809319433	1
3278	1.80987156	0
3279	1.810423686	0
3280	1.810975813	0
3281	1.81152794	0
3282	1.812080067	0
3283	1.812632193	1
3284	1.81318432	0
3285	1.813736447	1
3286	1.814288574	0
3287	1.814840701	0
3288	1.815392827	0
3289	1.815944954	0
3290	1.816497081	0
3291	1.817049208	0
3292	1.817601334	0
3293	1.818153461	0
3294	1.818705588	0
3295	1.819257715	0
3296	1.819809842	0
3297	1.820361968	0
3298	1.820914095	0
3299	1.821466222	0
3300	1.822018349	0
3301	1.822570475	0
3302	1.823122602	1
3303	1.823674729	0
3304	1.824226856	0
3305	1.824778982	0
3306	1.825331109	0
3307	1.825883236	0
3308	1.826435363	0
3309	1.82698749	0
3310	1.827539616	0
3311	1.828091743	0
3312	1.82864387	0
3313	1.829195997	0
3314	1.829748123	0
3315	1.83030025	0
3316	1.830852377	1
3317	1.831404504	0
3318	1.831956631	0
3319	1.832508757	0
3320	1.833060884	0
3321	1.833613011	0
3322	1.834165138	1
3323	1.834717264	0
3324	1.835269391	0
3325	1.835821518	0
3326	1.836373645	0
3327	1.836925771	1
3328	1.837477898	0
3329	1.838030025	0
3330	1.838582152	0
3331	1.839134279	0
3332	1.839686405	0
3333	1.840238532	0
3334	1.840790659	0
3335	1.841342786	1
3336	1.841894912	0
3337	1.842447039	0
3338	1.842999166	0
3339	1.843551293	0
3340	1.84410342	0
3341	1.844655546	0
3342	1.845207673	0
3343	1.8457598	0
3344	1.846311927	0
3345	1.846864053	0
3346	1.84741618	0
3347	1.847968307	0
3348	1.848520434	0
3349	1.84907256	0
3350	1.849624687	0
3351	1.850176814	0
3352	1.850728941	0
3353	1.851281068	1
3354	1.851833194	0
3355	1.852385321	0
3356	1.852937448	0
3357	1.853489575	0
3358	1.854041701	0
3359	1.854593828	0
3360	1.855145955	0
3361	1.855698082	0
3362	1.856250209	2
3363	1.856802335	1
3364	1.857354462	0
3365	1.857906589	0
3366	1.858458716	0
3367	1.859010842	0
3368	1.859562969	1
3369	1.860115096	1
3370	1.860667223	0
3371	1.861219349	0
3372	1.861771476	0
3373	1.862323603	0
3374	1.86287573	0
3375	1.863427857	0
3376	1.863979983	0
3377	1.86453211	0
3378	1.865084237	0
3379	1.865636364	1
3380	1.86618849	0
3381	1.866740617	0
3382	1.867292744	0
3383	1.867844871	0
3384	1.868396997	0
3385	1.868949124	0
3386	1.869501251	0
3387	1.870053378	0
3388	1.870605505	0
3389	1.871157631	0
3390	1.871709758	0
3391	1.872261885	0
3392	1.872814012	0
3393	1.873366138	0
3394	1.873918265	0
3395	1.874470392	1
3396	1.875022519	0
3397	1.875574646	0
3398	1.876126772	0
3399	1.876678899	0
3400	1.877231026	0
3401	1.877783153	1
3402	1.878335279	0
3403	1.878887406	0
3404	1.879439533	0
3405	1.87999166	0
3406	1.880543786	0
3407	1.881095913	0
3408	1.88164804	0
3409	1.882200167	0
3410	1.882752294	0
3411	1.88330442	0
3412	1.883856547	0
3413	1.884408674	0
3414	1.884960801	0
3415	1.885512927	0
3416	1.886065054	0
3417	1.886617181	0
3418	1.887169308	0
3419	1.887721435	0
3420	1.888273561	0
3421	1.888825688	0
3422	1.889377815	0
3423	1.889929942	0
3424	1.890482068	0
3425	1.891034195	1
3426	1.891586322	0
3427	1.892138449	0
3428	1.892690575	0
3429	1.893242702	0
3430	1.893794829	0
3431	1.894346956	1
3432	1.894899083	0
3433	1.895451209	0
3434	1.896003336	0
3435	1.896555463	0
3436	1.89710759	1
3437	1.897659716	0
3438	1.898211843	0
3439	1.89876397	0
3440	1.899316097	0
3441	1.899868224	0
3442	1.90042035	0
3443	1.900972477	0
3444	1.901524604	0
3445	1.902076731	0
3446	1.902628857	0
3447	1.903180984	1
3448	1.903733111	0
3449	1.904285238	0
3450	1.904837364	0
3451	1.905389491	0
3452	1.905941618	0
3453	1.906493745	0
3454	1.907045872	0
3455	1.907597998	0
3456	1.908150125	0
3457	1.908702252	0
3458	1.909254379	0
3459	1.909806505	0
3460	1.910358632	0
3461	1.910910759	0
3462	1.911462886	0
3463	1.912015013	0
3464	1.912567139	0
3465	1.913119266	0
3466	1.913671393	0
3467	1.91422352	0
3468	1.914775646	1
3469	1.915327773	0
3470	1.9158799	0
3471	1.916432027	0
3472	1.916984153	0
3473	1.91753628	0
3474	1.918088407	0
3475	1.918640534	0
3476	1.919192661	0
3477	1.919744787	0
3478	1.920296914	0
3479	1.920849041	0
3480	1.921401168	0
3481	1.921953294	0
3482	1.922505421	0
3483	1.923057548	0
3484	1.923609675	0
3485	1.924161802	0
3486	1.924713928	0
3487	1.925266055	0
3488	1.925818182	0
3489	1.926370309	0
3490	1.926922435	0
3491	1.927474562	0
3492	1.928026689	0
3493	1.928578816	0
3494	1.929130942	0
3495	1.929683069	0
3496	1.930235196	0
3497	1.930787323	0
3498	1.93133945	1
3499	1.931891576	0
3500	1.932443703	0
3501	1.93299583	0
3502	1.933547957	0
3503	1.934100083	0
3504	1.93465221	0
3505	1.935204337	0
3506	1.935756464	0
3507	1.93630859	0
3508	1.936860717	0
3509	1.937412844	0
3510	1.937964971	0
3511	1.938517098	0
3512	1.939069224	0
3513	1.939621351	0
3514	1.940173478	0
3515	1.940725605	0
3516	1.941277731	0
3517	1.941829858	0
3518	1.942381985	0
3519	1.942934112	0
3520	1.943486239	0
3521	1.944038365	0
3522	1.944590492	0
3523	1.945142619	0
3524	1.945694746	0
3525	1.946246872	0
3526	1.946798999	0
3527	1.947351126	0
3528	1.947903253	0
3529	1.948455379	0
3530	1.949007506	0
3531	1.949559633	0
3532	1.95011176	0
3533	1.950663887	0
3534	1.951216013	0
3535	1.95176814	0
3536	1.952320267	0
3537	1.952872394	0
3538	1.95342452	0
3539	1.953976647	0
3540	1.954528774	0
3541	1.955080901	0
3542	1.955633028	0
3543	1.956185154	0
3544	1.956737281	0
3545	1.957289408	1
3546	1.957841535	0
3547	1.958393661	0
3548	1.958945788	0
3549	1.959497915	0
3550	1.960050042	0
3551	1.960602168	0
3552	1.961154295	0
3553	1.961706422	0
3554	1.962258549	1
3555	1.962810676	0
3556	1.963362802	0
3557	1.963914929	0
3558	1.964467056	0
3559	1.965019183	0
3560	1.965571309	0
3561	1.966123436	0
3562	1.966675563	0
3563	1.96722769	0
3564	1.967779817	0
3565	1.968331943	0
3566	1.96888407	0
3567	1.969436197	0
3568	1.969988324	0
3569	1.97054045	0
3570	1.971092577	0
3571	1.971644704	1
3572	1.972196831	0
3573	1.972748957	0
3574	1.973301084	0
3575	1.973853211	0
3576	1.974405338	0
3577	1.974957465	0
3578	1.975509591	0
3579	1.976061718	0
3580	1.976613845	0
3581	1.977165972	0
3582	1.977718098	1
3583	1.978270225	0
3584	1.978822352	0
3585	1.979374479	0
3586	1.979926606	0
3587	1.980478732	0
3588	1.981030859	0
3589	1.981582986	0
3590	1.982135113	0
3591	1.982687239	1
3592	1.983239366	0
3593	1.983791493	0
3594	1.98434362	0
3595	1.984895746	0
3596	1.985447873	0
3597	1.986		0
3598	1.986552127	0
3599	1.987104254	1
3600	1.98765638	0
3601	1.988208507	0
3602	1.988760634	0
3603	1.989312761	0
3604	1.989864887	0
3605	1.990417014	0
3606	1.990969141	0
3607	1.991521268	0
3608	1.992073394	0
3609	1.992625521	0
3610	1.993177648	0
3611	1.993729775	0
3612	1.994281902	0
3613	1.994834028	0
3614	1.995386155	0
3615	1.995938282	0
3616	1.996490409	0
3617	1.997042535	0
3618	1.997594662	0
3619	1.998146789	0
3620	1.998698916	0
3621	1.999251043	1
3622	1.999803169	0
3623	2.000355296	0
3624	2.000907423	1
3625	2.00145955	1
3626	2.002011676	0
3627	2.002563803	0
3628	2.00311593	0
3629	2.003668057	1
3630	2.004220183	0
3631	2.00477231	0
3632	2.005324437	0
3633	2.005876564	0
3634	2.006428691	0
3635	2.006980817	0
3636	2.007532944	0
3637	2.008085071	0
3638	2.008637198	0
3639	2.009189324	0
3640	2.009741451	0
3641	2.010293578	0
3642	2.010845705	0
3643	2.011397832	0
3644	2.011949958	1
3645	2.012502085	0
3646	2.013054212	0
3647	2.013606339	0
3648	2.014158465	0
3649	2.014710592	0
3650	2.015262719	0
3651	2.015814846	0
3652	2.016366972	0
3653	2.016919099	0
3654	2.017471226	0
3655	2.018023353	0
3656	2.01857548	0
3657	2.019127606	0
3658	2.019679733	0
3659	2.02023186	0
3660	2.020783987	0
3661	2.021336113	1
3662	2.02188824	0
3663	2.022440367	0
3664	2.022992494	0
3665	2.023544621	0
3666	2.024096747	0
3667	2.024648874	0
3668	2.025201001	0
3669	2.025753128	0
3670	2.026305254	0
3671	2.026857381	0
3672	2.027409508	1
3673	2.027961635	0
3674	2.028513761	0
3675	2.029065888	0
3676	2.029618015	0
3677	2.030170142	0
3678	2.030722269	0
3679	2.031274395	0
3680	2.031826522	0
3681	2.032378649	0
3682	2.032930776	0
3683	2.033482902	0
3684	2.034035029	0
3685	2.034587156	0
3686	2.035139283	0
3687	2.03569141	0
3688	2.036243536	1
3689	2.036795663	0
3690	2.03734779	0
3691	2.037899917	0
3692	2.038452043	1
3693	2.03900417	0
3694	2.039556297	0
3695	2.040108424	0
3696	2.04066055	1
3697	2.041212677	0
3698	2.041764804	0
3699	2.042316931	0
3700	2.042869058	0
3701	2.043421184	0
3702	2.043973311	0
3703	2.044525438	0
3704	2.045077565	0
3705	2.045629691	0
3706	2.046181818	1
3707	2.046733945	0
3708	2.047286072	2
3709	2.047838198	0
3710	2.048390325	0
3711	2.048942452	0
3712	2.049494579	0
3713	2.050046706	1
3714	2.050598832	0
3715	2.051150959	0
3716	2.051703086	0
3717	2.052255213	0
3718	2.052807339	0
3719	2.053359466	0
3720	2.053911593	0
3721	2.05446372	2
3722	2.055015847	0
3723	2.055567973	0
3724	2.0561201	0
3725	2.056672227	1
3726	2.057224354	0
3727	2.05777648	1
3728	2.058328607	0
3729	2.058880734	0
3730	2.059432861	0
3731	2.059984987	0
3732	2.060537114	0
3733	2.061089241	0
3734	2.061641368	0
3735	2.062193495	0
3736	2.062745621	0
3737	2.063297748	0
3738	2.063849875	0
3739	2.064402002	1
3740	2.064954128	0
3741	2.065506255	0
3742	2.066058382	0
3743	2.066610509	0
3744	2.067162636	0
3745	2.067714762	0
3746	2.068266889	0
3747	2.068819016	0
3748	2.069371143	0
3749	2.069923269	0
3750	2.070475396	0
3751	2.071027523	0
3752	2.07157965	0
3753	2.072131776	0
3754	2.072683903	1
3755	2.07323603	0
3756	2.073788157	0
3757	2.074340284	0
3758	2.07489241	0
3759	2.075444537	1
3760	2.075996664	0
3761	2.076548791	0
3762	2.077100917	0
3763	2.077653044	0
3764	2.078205171	0
3765	2.078757298	0
3766	2.079309425	0
3767	2.079861551	0
3768	2.080413678	0
3769	2.080965805	0
3770	2.081517932	0
3771	2.082070058	0
3772	2.082622185	0
3773	2.083174312	0
3774	2.083726439	0
3775	2.084278565	1
3776	2.084830692	0
3777	2.085382819	0
3778	2.085934946	0
3779	2.086487073	0
3780	2.087039199	0
3781	2.087591326	0
3782	2.088143453	0
3783	2.08869558	0
3784	2.089247706	0
3785	2.089799833	1
3786	2.09035196	0
3787	2.090904087	0
3788	2.091456214	0
3789	2.09200834	0
3790	2.092560467	0
3791	2.093112594	1
3792	2.093664721	0
3793	2.094216847	0
3794	2.094768974	0
3795	2.095321101	0
3796	2.095873228	0
3797	2.096425354	0
3798	2.096977481	0
3799	2.097529608	0
3800	2.098081735	0
3801	2.098633862	1
3802	2.099185988	1
3803	2.099738115	0
3804	2.100290242	0
3805	2.100842369	0
3806	2.101394495	0
3807	2.101946622	0
3808	2.102498749	0
3809	2.103050876	0
3810	2.103603003	0
3811	2.104155129	0
3812	2.104707256	0
3813	2.105259383	0
3814	2.10581151	0
3815	2.106363636	0
3816	2.106915763	0
3817	2.10746789	0
3818	2.108020017	0
3819	2.108572143	0
3820	2.10912427	0
3821	2.109676397	0
3822	2.110228524	0
3823	2.110780651	0
3824	2.111332777	0
3825	2.111884904	0
3826	2.112437031	0
3827	2.112989158	0
3828	2.113541284	0
3829	2.114093411	1
3830	2.114645538	0
3831	2.115197665	0
3832	2.115749791	0
3833	2.116301918	0
3834	2.116854045	0
3835	2.117406172	0
3836	2.117958299	1
3837	2.118510425	0
3838	2.119062552	0
3839	2.119614679	0
3840	2.120166806	0
3841	2.120718932	1
3842	2.121271059	0
3843	2.121823186	0
3844	2.122375313	0
3845	2.12292744	0
3846	2.123479566	0
3847	2.124031693	0
3848	2.12458382	0
3849	2.125135947	0
3850	2.125688073	0
3851	2.1262402	0
3852	2.126792327	0
3853	2.127344454	0
3854	2.12789658	1
3855	2.128448707	0
3856	2.129000834	0
3857	2.129552961	0
3858	2.130105088	0
3859	2.130657214	0
3860	2.131209341	0
3861	2.131761468	0
3862	2.132313595	0
3863	2.132865721	0
3864	2.133417848	0
3865	2.133969975	1
3866	2.134522102	0
3867	2.135074229	0
3868	2.135626355	0
3869	2.136178482	0
3870	2.136730609	0
3871	2.137282736	0
3872	2.137834862	0
3873	2.138386989	1
3874	2.138939116	0
3875	2.139491243	0
3876	2.140043369	0
3877	2.140595496	0
3878	2.141147623	0
3879	2.14169975	0
3880	2.142251877	0
3881	2.142804003	0
3882	2.14335613	0
3883	2.143908257	0
3884	2.144460384	0
3885	2.14501251	1
3886	2.145564637	1
3887	2.146116764	0
3888	2.146668891	0
3889	2.147221018	0
3890	2.147773144	0
3891	2.148325271	0
3892	2.148877398	0
3893	2.149429525	0
3894	2.149981651	0
3895	2.150533778	0
3896	2.151085905	1
3897	2.151638032	0
3898	2.152190158	0
3899	2.152742285	0
3900	2.153294412	0
3901	2.153846539	0
3902	2.154398666	0
3903	2.154950792	1
3904	2.155502919	1
3905	2.156055046	0
3906	2.156607173	0
3907	2.157159299	0
3908	2.157711426	0
3909	2.158263553	0
3910	2.15881568	0
3911	2.159367807	1
3912	2.159919933	0
3913	2.16047206	0
3914	2.161024187	0
3915	2.161576314	0
3916	2.16212844	1
3917	2.162680567	0
3918	2.163232694	0
3919	2.163784821	0
3920	2.164336947	0
3921	2.164889074	0
3922	2.165441201	0
3923	2.165993328	1
3924	2.166545455	1
3925	2.167097581	0
3926	2.167649708	0
3927	2.168201835	0
3928	2.168753962	0
3929	2.169306088	0
3930	2.169858215	0
3931	2.170410342	0
3932	2.170962469	0
3933	2.171514595	0
3934	2.172066722	0
3935	2.172618849	1
3936	2.173170976	0
3937	2.173723103	0
3938	2.174275229	0
3939	2.174827356	0
3940	2.175379483	0
3941	2.17593161	0
3942	2.176483736	0
3943	2.177035863	0
3944	2.17758799	0
3945	2.178140117	0
3946	2.178692244	0
3947	2.17924437	0
3948	2.179796497	1
3949	2.180348624	1
3950	2.180900751	0
3951	2.181452877	0
3952	2.182005004	0
3953	2.182557131	0
3954	2.183109258	0
3955	2.183661384	0
3956	2.184213511	0
3957	2.184765638	1
3958	2.185317765	0
3959	2.185869892	0
3960	2.186422018	0
3961	2.186974145	0
3962	2.187526272	0
3963	2.188078399	0
3964	2.188630525	0
3965	2.189182652	0
3966	2.189734779	0
3967	2.190286906	0
3968	2.190839033	0
3969	2.191391159	0
3970	2.191943286	0
3971	2.192495413	0
3972	2.19304754	0
3973	2.193599666	0
3974	2.194151793	0
3975	2.19470392	1
3976	2.195256047	0
3977	2.195808173	0
3978	2.1963603	0
3979	2.196912427	1
3980	2.197464554	0
3981	2.198016681	0
3982	2.198568807	0
3983	2.199120934	0
3984	2.199673061	0
3985	2.200225188	0
3986	2.200777314	0
3987	2.201329441	0
3988	2.201881568	0
3989	2.202433695	0
3990	2.202985822	0
3991	2.203537948	0
3992	2.204090075	0
3993	2.204642202	0
3994	2.205194329	0
3995	2.205746455	0
3996	2.206298582	0
3997	2.206850709	0
3998	2.207402836	1
3999	2.207954962	0
4000	2.208507089	0
4001	2.209059216	1
4002	2.209611343	0
4003	2.21016347	0
4004	2.210715596	1
4005	2.211267723	0
4006	2.21181985	0
4007	2.212371977	0
4008	2.212924103	0
4009	2.21347623	0
4010	2.214028357	0
4011	2.214580484	0
4012	2.215132611	1
4013	2.215684737	0
4014	2.216236864	0
4015	2.216788991	0
4016	2.217341118	0
4017	2.217893244	0
4018	2.218445371	0
4019	2.218997498	0
4020	2.219549625	0
4021	2.220101751	0
4022	2.220653878	0
4023	2.221206005	0
4024	2.221758132	0
4025	2.222310259	0
4026	2.222862385	0
4027	2.223414512	0
4028	2.223966639	0
4029	2.224518766	0
4030	2.225070892	0
4031	2.225623019	0
4032	2.226175146	0
4033	2.226727273	0
4034	2.227279399	0
4035	2.227831526	0
4036	2.228383653	0
4037	2.22893578	0
4038	2.229487907	0
4039	2.230040033	0
4040	2.23059216	0
4041	2.231144287	0
4042	2.231696414	0
4043	2.23224854	0
4044	2.232800667	0
4045	2.233352794	0
4046	2.233904921	0
4047	2.234457048	0
4048	2.235009174	0
4049	2.235561301	0
4050	2.236113428	0
4051	2.236665555	0
4052	2.237217681	0
4053	2.237769808	1
4054	2.238321935	0
4055	2.238874062	0
4056	2.239426188	0
4057	2.239978315	0
4058	2.240530442	0
4059	2.241082569	0
4060	2.241634696	0
4061	2.242186822	0
4062	2.242738949	0
4063	2.243291076	1
4064	2.243843203	0
4065	2.244395329	0
4066	2.244947456	0
4067	2.245499583	0
4068	2.24605171	0
4069	2.246603837	0
4070	2.247155963	0
4071	2.24770809	0
4072	2.248260217	0
4073	2.248812344	0
4074	2.24936447	0
4075	2.249916597	0
4076	2.250468724	0
4077	2.251020851	0
4078	2.251572977	0
4079	2.252125104	0
4080	2.252677231	0
4081	2.253229358	0
4082	2.253781485	0
4083	2.254333611	0
4084	2.254885738	0
4085	2.255437865	0
4086	2.255989992	0
4087	2.256542118	0
4088	2.257094245	0
4089	2.257646372	0
4090	2.258198499	0
4091	2.258750626	0
4092	2.259302752	0
4093	2.259854879	0
4094	2.260407006	0
4095	2.260959133	0
