0	0	0
1	5.52E-04	0
2	0.001104253545	0
3	0.001656380317	0
4	0.002208507089	1
5	0.002760633862	1
6	0.003312760634	0
7	0.003864887406	0
8	0.004417014178	0
9	0.004969140951	5
10	0.005521267723	2
11	0.006073394495	12
12	0.006625521268	5
13	0.00717764804	6
14	0.007729774812	6
15	0.008281901585	8
16	0.008834028357	10
17	0.009386155129	38
18	0.009938281902	302
19	0.01049040867	1429
20	0.01104253545	1014
21	0.01159466222	1128
22	0.01214678899	1035
23	0.01269891576	954
24	0.01325104254	1121
25	0.01380316931	1565
26	0.01435529608	2590
27	0.01490742285	6432
28	0.01545954962	10661
29	0.0160116764	19353
30	0.01656380317	97542
31	0.01711592994	93067
32	0.01766805671	38187
33	0.01822018349	30536
34	0.01877231026	24295
35	0.01932443703	3176018
36	0.0198765638	3078233
37	0.02042869058	111621
38	0.02098081735	4469
39	0.02153294412	4087
40	0.02208507089	4217
41	0.02263719766	4190
42	0.02318932444	4301
43	0.02374145121	4274
44	0.02429357798	4548
45	0.02484570475	4627
46	0.02539783153	4625
47	0.0259499583	6740
48	0.02650208507	6641
49	0.02705421184	4712
50	0.02760633862	4315
51	0.02815846539	4223
52	0.02871059216	4095
53	0.02926271893	4036
54	0.0298148457	3844
55	0.03036697248	3673
56	0.03091909925	3617
57	0.03147122602	3630
58	0.03202335279	3675
59	0.03257547957	3608
60	0.03312760634	3542
61	0.03367973311	3445
62	0.03423185988	3434
63	0.03478398666	3296
64	0.03533611343	3421
65	0.0358882402	3484
66	0.03644036697	3560
67	0.03699249374	3683
68	0.03754462052	3650
69	0.03809674729	3745
70	0.03864887406	3675
71	0.03920100083	3748
72	0.03975312761	3948
73	0.04030525438	3988
74	0.04085738115	3956
75	0.04140950792	4196
76	0.0419616347	4311
77	0.04251376147	4334
78	0.04306588824	4339
79	0.04361801501	4360
80	0.04417014178	4560
81	0.04472226856	5021
82	0.04527439533	5726
83	0.0458265221	5704
84	0.04637864887	5586
85	0.04693077565	5766
86	0.04748290242	5675
87	0.04803502919	5388
88	0.04858715596	5089
89	0.04913928274	5047
90	0.04969140951	4925
91	0.05024353628	4821
92	0.05079566305	4869
93	0.05134778982	4889
94	0.0518999166	4920
95	0.05245204337	4848
96	0.05300417014	4916
97	0.05355629691	5190
98	0.05410842369	5056
99	0.05466055046	5276
100	0.05521267723	5249
101	0.055764804	5465
102	0.05631693078	5470
103	0.05686905755	5337
104	0.05742118432	5578
105	0.05797331109	5509
106	0.05852543786	5636
107	0.05907756464	5659
108	0.05962969141	5807
109	0.06018181818	5865
110	0.06073394495	5891
111	0.06128607173	6100
112	0.0618381985	6038
113	0.06239032527	6437
114	0.06294245204	6460
115	0.06349457882	6508
116	0.06404670559	6557
117	0.06459883236	6807
118	0.06515095913	6874
119	0.0657030859	7093
120	0.06625521268	7103
121	0.06680733945	7500
122	0.06735946622	7412
123	0.06791159299	7482
124	0.06846371977	7662
125	0.06901584654	7646
126	0.06956797331	7783
127	0.07012010008	7384
128	0.07067222686	8071
129	0.07122435363	8020
130	0.0717764804	8109
131	0.07232860717	8047
132	0.07288073394	7925
133	0.07343286072	8113
134	0.07398498749	8307
135	0.07453711426	8149
136	0.07508924103	8223
137	0.07564136781	8118
138	0.07619349458	8309
139	0.07674562135	8224
140	0.07729774812	8324
141	0.0778498749	8333
142	0.07840200167	8229
143	0.07895412844	8226
144	0.07950625521	8407
145	0.08005838198	8336
146	0.08061050876	8536
147	0.08116263553	8589
148	0.0817147623	8519
149	0.08226688907	8569
150	0.08281901585	8464
151	0.08337114262	8600
152	0.08392326939	8554
153	0.08447539616	8544
154	0.08502752294	8640
155	0.08557964971	8629
156	0.08613177648	8537
157	0.08668390325	8722
158	0.08723603003	8568
159	0.0877881568	8400
160	0.08834028357	8466
161	0.08889241034	8689
162	0.08944453711	8528
163	0.08999666389	8644
164	0.09054879066	8661
165	0.09110091743	8698
166	0.0916530442	8738
167	0.09220517098	8542
168	0.09275729775	8527
169	0.09330942452	8643
170	0.09386155129	8551
171	0.09441367807	8834
172	0.09496580484	8633
173	0.09551793161	8622
174	0.09607005838	8560
175	0.09662218515	8570
176	0.09717431193	8690
177	0.0977264387	8589
178	0.09827856547	8501
179	0.09883069224	8956
180	0.09938281902	8591
181	0.09993494579	8617
182	0.1004870726	8571
183	0.1010391993	8730
184	0.1015913261	8721
185	0.1021434529	8794
186	0.1026955796	8666
187	0.1032477064	8841
188	0.1037998332	8614
189	0.10435196	8676
190	0.1049040867	8686
191	0.1054562135	8320
192	0.1060083403	8580
193	0.1065604671	8618
194	0.1071125938	8623
195	0.1076647206	8595
196	0.1082168474	8668
197	0.1087689741	8823
198	0.1093211009	8623
199	0.1098732277	8776
200	0.1104253545	8403
201	0.1109774812	8425
202	0.111529608	8399
203	0.1120817348	8786
204	0.1126338616	8479
205	0.1131859883	8525
206	0.1137381151	8423
207	0.1142902419	8567
208	0.1148423686	8521
209	0.1153944954	8461
210	0.1159466222	8545
211	0.116498749	8514
212	0.1170508757	8431
213	0.1176030025	8459
214	0.1181551293	8473
215	0.118707256	8477
216	0.1192593828	8390
217	0.1198115096	8250
218	0.1203636364	8423
219	0.1209157631	8293
220	0.1214678899	8157
221	0.1220200167	8279
222	0.1225721435	8177
223	0.1231242702	7967
224	0.123676397	8189
225	0.1242285238	8175
226	0.1247806505	8199
227	0.1253327773	7893
228	0.1258849041	8067
229	0.1264370309	8032
230	0.1269891576	8080
231	0.1275412844	8106
232	0.1280934112	8077
233	0.1286455379	8112
234	0.1291976647	7917
235	0.1297497915	8038
236	0.1303019183	7923
237	0.130854045	7815
238	0.1314061718	7886
239	0.1319582986	7918
240	0.1325104254	7794
241	0.1330625521	7750
242	0.1336146789	7770
243	0.1341668057	7874
244	0.1347189324	7828
245	0.1352710592	7778
246	0.135823186	7653
247	0.1363753128	7684
248	0.1369274395	7519
249	0.1374795663	7614
250	0.1380316931	7447
251	0.1385838198	7593
252	0.1391359466	7399
253	0.1396880734	7543
254	0.1402402002	7532
255	0.1407923269	6915
256	0.1413444537	7506
257	0.1418965805	7477
258	0.1424487073	7250
259	0.143000834	7377
260	0.1435529608	7294
261	0.1441050876	7260
262	0.1446572143	7476
263	0.1452093411	7056
264	0.1457614679	7311
265	0.1463135947	7039
266	0.1468657214	7204
267	0.1474178482	7018
268	0.147969975	7012
269	0.1485221018	7109
270	0.1490742285	7045
271	0.1496263553	6917
272	0.1501784821	6971
273	0.1507306088	6899
274	0.1512827356	6912
275	0.1518348624	6884
276	0.1523869892	6841
277	0.1529391159	6879
278	0.1534912427	6850
279	0.1540433695	6700
280	0.1545954962	6735
281	0.155147623	6796
282	0.1556997498	6615
283	0.1562518766	6656
284	0.1568040033	6400
285	0.1573561301	6693
286	0.1579082569	6597
287	0.1584603837	6201
288	0.1590125104	6558
289	0.1595646372	6488
290	0.160116764	6593
291	0.1606688907	6456
292	0.1612210175	6368
293	0.1617731443	6439
294	0.1623252711	6389
295	0.1628773978	6227
296	0.1634295246	6425
297	0.1639816514	6490
298	0.1645337781	6127
299	0.1650859049	6201
300	0.1656380317	6156
301	0.1661901585	6318
302	0.1667422852	5976
303	0.167294412	6079
304	0.1678465388	6149
305	0.1683986656	6238
306	0.1689507923	6062
307	0.1695029191	5953
308	0.1700550459	5888
309	0.1706071726	6067
310	0.1711592994	5914
311	0.1717114262	5899
312	0.172263553	5893
313	0.1728156797	5957
314	0.1733678065	5912
315	0.1739199333	5881
316	0.1744720601	5847
317	0.1750241868	5866
318	0.1755763136	5710
319	0.1761284404	5689
320	0.1766805671	5778
321	0.1772326939	5773
322	0.1777848207	5818
323	0.1783369475	5801
324	0.1788890742	5709
325	0.179441201	5640
326	0.1799933278	5662
327	0.1805454545	5676
328	0.1810975813	5712
329	0.1816497081	5626
330	0.1822018349	5590
331	0.1827539616	5547
332	0.1833060884	5623
333	0.1838582152	5504
334	0.184410342	5534
335	0.1849624687	5547
336	0.1855145955	5579
337	0.1860667223	5399
338	0.186618849	5425
339	0.1871709758	5318
340	0.1877231026	5436
341	0.1882752294	5438
342	0.1888273561	5442
343	0.1893794829	5432
344	0.1899316097	5137
345	0.1904837364	5349
346	0.1910358632	5364
347	0.19158799	5237
348	0.1921401168	5198
349	0.1926922435	5257
350	0.1932443703	5145
351	0.1937964971	5023
352	0.1943486239	5118
353	0.1949007506	5095
354	0.1954528774	5077
355	0.1960050042	5042
356	0.1965571309	5221
357	0.1971092577	5217
358	0.1976613845	4884
359	0.1982135113	4917
360	0.198765638	4981
361	0.1993177648	5089
362	0.1998698916	4926
363	0.2004220183	4909
364	0.2009741451	4898
365	0.2015262719	4895
366	0.2020783987	4830
367	0.2026305254	4816
368	0.2031826522	4828
369	0.203734779	4715
370	0.2042869058	4850
371	0.2048390325	4845
372	0.2053911593	4769
373	0.2059432861	4792
374	0.2064954128	4675
375	0.2070475396	4760
376	0.2075996664	4637
377	0.2081517932	4783
378	0.2087039199	4691
379	0.2092560467	4593
380	0.2098081735	4521
381	0.2103603003	4460
382	0.210912427	4517
383	0.2114645538	4543
384	0.2120166806	4561
385	0.2125688073	4572
386	0.2131209341	4483
387	0.2136730609	4598
388	0.2142251877	4544
389	0.2147773144	4458
390	0.2153294412	4388
391	0.215881568	4464
392	0.2164336947	4420
393	0.2169858215	4456
394	0.2175379483	4520
395	0.2180900751	4445
396	0.2186422018	4377
397	0.2191943286	4393
398	0.2197464554	4417
399	0.2202985822	4421
400	0.2208507089	4394
401	0.2214028357	4324
402	0.2219549625	4236
403	0.2225070892	4415
404	0.223059216	4369
405	0.2236113428	4299
406	0.2241634696	4383
407	0.2247155963	4294
408	0.2252677231	4227
409	0.2258198499	4296
410	0.2263719766	4231
411	0.2269241034	4387
412	0.2274762302	4200
413	0.228028357	4132
414	0.2285804837	4336
415	0.2291326105	4157
416	0.2296847373	4275
417	0.2302368641	4293
418	0.2307889908	4185
419	0.2313411176	4205
420	0.2318932444	4029
421	0.2324453711	4322
422	0.2329974979	4128
423	0.2335496247	4169
424	0.2341017515	4203
425	0.2346538782	4137
426	0.235206005	4123
427	0.2357581318	3925
428	0.2363102585	4021
429	0.2368623853	4116
430	0.2374145121	3971
431	0.2379666389	4032
432	0.2385187656	3935
433	0.2390708924	3989
434	0.2396230192	3938
435	0.240175146	3991
436	0.2407272727	3934
437	0.2412793995	4024
438	0.2418315263	3838
439	0.242383653	3838
440	0.2429357798	3854
441	0.2434879066	3754
442	0.2440400334	3751
443	0.2445921601	3688
444	0.2451442869	3776
445	0.2456964137	3619
446	0.2462485405	3643
447	0.2468006672	3544
448	0.247352794	3488
449	0.2479049208	3514
450	0.2484570475	3577
451	0.2490091743	3640
452	0.2495613011	3510
453	0.2501134279	3560
454	0.2506655546	3497
455	0.2512176814	3454
456	0.2517698082	3446
457	0.2523219349	3496
458	0.2528740617	3300
459	0.2534261885	3268
460	0.2539783153	3439
461	0.254530442	3345
462	0.2550825688	3311
463	0.2556346956	3161
464	0.2561868224	3242
465	0.2567389491	3295
466	0.2572910759	3261
467	0.2578432027	3158
468	0.2583953294	3200
469	0.2589474562	3131
470	0.259499583	3099
471	0.2600517098	3227
472	0.2606038365	2998
473	0.2611559633	3044
474	0.2617080901	3042
475	0.2622602168	3018
476	0.2628123436	3023
477	0.2633644704	2991
478	0.2639165972	2961
479	0.2644687239	3037
480	0.2650208507	2873
481	0.2655729775	3015
482	0.2661251043	2898
483	0.266677231	3070
484	0.2672293578	2961
485	0.2677814846	2917
486	0.2683336113	2976
487	0.2688857381	2916
488	0.2694378649	2897
489	0.2699899917	2946
490	0.2705421184	2897
491	0.2710942452	2847
492	0.271646372	2819
493	0.2721984987	2782
494	0.2727506255	2801
495	0.2733027523	2854
496	0.2738548791	2747
497	0.2744070058	2806
498	0.2749591326	2742
499	0.2755112594	2806
500	0.2760633862	2855
501	0.2766155129	2798
502	0.2771676397	2711
503	0.2777197665	2824
504	0.2782718932	2634
505	0.27882402	2713
506	0.2793761468	2652
507	0.2799282736	2649
508	0.2804804003	2713
509	0.2810325271	2686
510	0.2815846539	2753
511	0.2821367807	2550
512	0.2826889074	2762
513	0.2832410342	2620
514	0.283793161	2670
515	0.2843452877	2654
516	0.2848974145	2700
517	0.2854495413	2620
518	0.2860016681	2569
519	0.2865537948	2668
520	0.2871059216	2591
521	0.2876580484	2593
522	0.2882101751	2558
523	0.2887623019	2578
524	0.2893144287	2612
525	0.2898665555	2537
526	0.2904186822	2623
527	0.290970809	2520
528	0.2915229358	2569
529	0.2920750626	2535
530	0.2926271893	2499
531	0.2931793161	2467
532	0.2937314429	2567
533	0.2942835696	2539
534	0.2948356964	2446
535	0.2953878232	2435
536	0.29593995	2462
537	0.2964920767	2464
538	0.2970442035	2515
539	0.2975963303	2488
540	0.298148457	2362
541	0.2987005838	2388
542	0.2992527106	2382
543	0.2998048374	2317
544	0.3003569641	2463
545	0.3009090909	2396
546	0.3014612177	2366
547	0.3020133445	2353
548	0.3025654712	2281
549	0.303117598	2390
550	0.3036697248	2308
551	0.3042218515	2248
552	0.3047739783	2240
553	0.3053261051	2348
554	0.3058782319	2369
555	0.3064303586	2277
556	0.3069824854	2241
557	0.3075346122	2205
558	0.3080867389	2251
559	0.3086388657	2156
560	0.3091909925	2160
561	0.3097431193	2229
562	0.310295246	2152
563	0.3108473728	2126
564	0.3113994996	2156
565	0.3119516264	2230
566	0.3125037531	2140
567	0.3130558799	2129
568	0.3136080067	2123
569	0.3141601334	2167
570	0.3147122602	2202
571	0.315264387	2160
572	0.3158165138	2206
573	0.3163686405	2120
574	0.3169207673	2092
575	0.3174728941	1998
576	0.3180250209	2189
577	0.3185771476	2031
578	0.3191292744	2054
579	0.3196814012	2015
580	0.3202335279	2150
581	0.3207856547	1985
582	0.3213377815	2062
583	0.3218899083	2000
584	0.322442035	2035
585	0.3229941618	1958
586	0.3235462886	2043
587	0.3240984153	1991
588	0.3246505421	2009
589	0.3252026689	1975
590	0.3257547957	1969
591	0.3263069224	1939
592	0.3268590492	1990
593	0.327411176	2041
594	0.3279633028	2045
595	0.3285154295	1910
596	0.3290675563	1954
597	0.3296196831	2005
598	0.3301718098	1944
599	0.3307239366	1934
600	0.3312760634	1981
601	0.3318281902	1917
602	0.3323803169	1965
603	0.3329324437	1986
604	0.3334845705	1862
605	0.3340366972	1915
606	0.334588824	2114
607	0.3351409508	1914
608	0.3356930776	1877
609	0.3362452043	1944
610	0.3367973311	1953
611	0.3373494579	1965
612	0.3379015847	1906
613	0.3384537114	1985
614	0.3390058382	1846
615	0.339557965	1864
616	0.3401100917	1866
617	0.3406622185	1957
618	0.3412143453	1931
619	0.3417664721	1858
620	0.3423185988	1910
621	0.3428707256	1902
622	0.3434228524	1853
623	0.3439749791	1910
624	0.3445271059	1888
625	0.3450792327	1924
626	0.3456313595	1836
627	0.3461834862	1869
628	0.346735613	1820
629	0.3472877398	1805
630	0.3478398666	1873
631	0.3483919933	1877
632	0.3489441201	1816
633	0.3494962469	1832
634	0.3500483736	1755
635	0.3506005004	1900
636	0.3511526272	1843
637	0.351704754	1853
638	0.3522568807	1786
639	0.3528090075	1762
640	0.3533611343	1857
641	0.3539132611	1765
642	0.3544653878	1724
643	0.3550175146	1744
644	0.3555696414	1765
645	0.3561217681	1761
646	0.3566738949	1750
647	0.3572260217	1799
648	0.3577781485	1645
649	0.3583302752	1685
650	0.358882402	1724
651	0.3594345288	1717
652	0.3599866555	1625
653	0.3605387823	1618
654	0.3610909091	1722
655	0.3616430359	1612
656	0.3621951626	1692
657	0.3627472894	1639
658	0.3632994162	1643
659	0.363851543	1685
660	0.3644036697	1574
661	0.3649557965	1640
662	0.3655079233	1575
663	0.36606005	1612
664	0.3666121768	1549
665	0.3671643036	1663
666	0.3677164304	1570
667	0.3682685571	1542
668	0.3688206839	1526
669	0.3693728107	1511
670	0.3699249374	1513
671	0.3704770642	1543
672	0.371029191	1554
673	0.3715813178	1544
674	0.3721334445	1505
675	0.3726855713	1492
676	0.3732376981	1518
677	0.3737898249	1517
678	0.3743419516	1458
679	0.3748940784	1455
680	0.3754462052	1434
681	0.3759983319	1439
682	0.3765504587	1496
683	0.3771025855	1395
684	0.3776547123	1450
685	0.378206839	1454
686	0.3787589658	1438
687	0.3793110926	1398
688	0.3798632193	1400
689	0.3804153461	1363
690	0.3809674729	1429
691	0.3815195997	1405
692	0.3820717264	1386
693	0.3826238532	1354
694	0.38317598	1384
695	0.3837281068	1367
696	0.3842802335	1364
697	0.3848323603	1333
698	0.3853844871	1386
699	0.3859366138	1329
700	0.3864887406	1397
701	0.3870408674	1388
702	0.3875929942	1359
703	0.3881451209	1334
704	0.3886972477	1338
705	0.3892493745	1317
706	0.3898015013	1271
707	0.390353628	1314
708	0.3909057548	1281
709	0.3914578816	1352
710	0.3920100083	1325
711	0.3925621351	1271
712	0.3931142619	1355
713	0.3936663887	1382
714	0.3942185154	1270
715	0.3947706422	1277
716	0.395322769	1297
717	0.3958748957	1285
718	0.3964270225	1315
719	0.3969791493	1275
720	0.3975312761	1316
721	0.3980834028	1224
722	0.3986355296	1297
723	0.3991876564	1285
724	0.3997397832	1263
725	0.4002919099	1321
726	0.4008440367	1311
727	0.4013961635	1224
728	0.4019482902	1281
729	0.402500417	1271
730	0.4030525438	1211
731	0.4036046706	1250
732	0.4041567973	1225
733	0.4047089241	1328
734	0.4052610509	1224
735	0.4058131776	1232
736	0.4063653044	1230
737	0.4069174312	1235
738	0.407469558	1204
739	0.4080216847	1226
740	0.4085738115	1229
741	0.4091259383	1248
742	0.4096780651	1173
743	0.4102301918	1186
744	0.4107823186	1191
745	0.4113344454	1220
746	0.4118865721	1174
747	0.4124386989	1247
748	0.4129908257	1207
749	0.4135429525	1151
750	0.4140950792	1170
751	0.414647206	1155
752	0.4151993328	1128
753	0.4157514595	1162
754	0.4163035863	1241
755	0.4168557131	1206
756	0.4174078399	1132
757	0.4179599666	1170
758	0.4185120934	1217
759	0.4190642202	1233
760	0.419616347	1198
761	0.4201684737	1139
762	0.4207206005	1189
763	0.4212727273	1195
764	0.421824854	1177
765	0.4223769808	1113
766	0.4229291076	1121
767	0.4234812344	1105
768	0.4240333611	1127
769	0.4245854879	1095
770	0.4251376147	1116
771	0.4256897415	1140
772	0.4262418682	1117
773	0.426793995	1142
774	0.4273461218	1185
775	0.4278982485	1098
776	0.4284503753	1118
777	0.4290025021	1160
778	0.4295546289	1082
779	0.4301067556	1062
780	0.4306588824	1124
781	0.4312110092	1063
782	0.4317631359	1113
783	0.4323152627	1079
784	0.4328673895	1153
785	0.4334195163	1070
786	0.433971643	1057
787	0.4345237698	1088
788	0.4350758966	1100
789	0.4356280234	1038
790	0.4361801501	1080
791	0.4367322769	1075
792	0.4372844037	1069
793	0.4378365304	1043
794	0.4383886572	1075
795	0.438940784	1088
796	0.4394929108	1121
797	0.4400450375	1056
798	0.4405971643	1104
799	0.4411492911	1040
800	0.4417014178	1021
801	0.4422535446	1073
802	0.4428056714	1057
803	0.4433577982	1043
804	0.4439099249	1038
805	0.4444620517	1044
806	0.4450141785	1073
807	0.4455663053	1040
808	0.446118432	1005
809	0.4466705588	1023
810	0.4472226856	1021
811	0.4477748123	1093
812	0.4483269391	1074
813	0.4488790659	1072
814	0.4494311927	1023
815	0.4499833194	1022
816	0.4505354462	1055
817	0.451087573	1022
818	0.4516396997	949
819	0.4521918265	1023
820	0.4527439533	1025
821	0.4532960801	1028
822	0.4538482068	1048
823	0.4544003336	1061
824	0.4549524604	1003
825	0.4555045872	1021
826	0.4560567139	922
827	0.4566088407	992
828	0.4571609675	1003
829	0.4577130942	1064
830	0.458265221	1008
831	0.4588173478	950
832	0.4593694746	960
833	0.4599216013	930
834	0.4604737281	927
835	0.4610258549	999
836	0.4615779817	920
837	0.4621301084	1000
838	0.4626822352	976
839	0.463234362	965
840	0.4637864887	1043
841	0.4643386155	1000
842	0.4648907423	993
843	0.4654428691	935
844	0.4659949958	942
845	0.4665471226	980
846	0.4670992494	917
847	0.4676513761	946
848	0.4682035029	1011
849	0.4687556297	951
850	0.4693077565	936
851	0.4698598832	988
852	0.47041201	924
853	0.4709641368	1012
854	0.4715162636	940
855	0.4720683903	957
856	0.4726205171	987
857	0.4731726439	972
858	0.4737247706	952
859	0.4742768974	967
860	0.4748290242	1005
861	0.475381151	922
862	0.4759332777	949
863	0.4764854045	958
864	0.4770375313	1015
865	0.477589658	983
866	0.4781417848	958
867	0.4786939116	937
868	0.4792460384	946
869	0.4797981651	996
870	0.4803502919	953
871	0.4809024187	961
872	0.4814545455	946
873	0.4820066722	972
874	0.482558799	967
875	0.4831109258	955
876	0.4836630525	935
877	0.4842151793	959
878	0.4847673061	944
879	0.4853194329	996
880	0.4858715596	913
881	0.4864236864	961
882	0.4869758132	955
883	0.4875279399	939
884	0.4880800667	899
885	0.4886321935	923
886	0.4891843203	928
887	0.489736447	949
888	0.4902885738	971
889	0.4908407006	965
890	0.4913928274	939
891	0.4919449541	946
892	0.4924970809	907
893	0.4930492077	851
894	0.4936013344	955
895	0.4941534612	858
896	0.494705588	907
897	0.4952577148	934
898	0.4958098415	985
899	0.4963619683	952
900	0.4969140951	925
901	0.4974662219	949
902	0.4980183486	913
903	0.4985704754	1002
904	0.4991226022	923
905	0.4996747289	929
906	0.5002268557	982
907	0.5007789825	951
908	0.5013311093	940
909	0.501883236	946
910	0.5024353628	953
911	0.5029874896	907
912	0.5035396163	982
913	0.5040917431	957
914	0.5046438699	963
915	0.5051959967	1004
916	0.5057481234	917
917	0.5063002502	978
918	0.506852377	986
919	0.5074045038	990
920	0.5079566305	973
921	0.5085087573	924
922	0.5090608841	945
923	0.5096130108	961
924	0.5101651376	984
925	0.5107172644	989
926	0.5112693912	920
927	0.5118215179	883
928	0.5123736447	955
929	0.5129257715	954
930	0.5134778982	985
931	0.514030025	956
932	0.5145821518	1006
933	0.5151342786	980
934	0.5156864053	911
935	0.5162385321	900
936	0.5167906589	886
937	0.5173427857	921
938	0.5178949124	896
939	0.5184470392	894
940	0.518999166	915
941	0.5195512927	976
942	0.5201034195	889
943	0.5206555463	953
944	0.5212076731	935
945	0.5217597998	891
946	0.5223119266	896
947	0.5228640534	861
948	0.5234161802	857
949	0.5239683069	908
950	0.5245204337	876
951	0.5250725605	814
952	0.5256246872	902
953	0.526176814	845
954	0.5267289408	871
955	0.5272810676	813
956	0.5278331943	850
957	0.5283853211	824
958	0.5289374479	849
959	0.5294895746	783
960	0.5300417014	760
961	0.5305938282	825
962	0.531145955	830
963	0.5316980817	878
964	0.5322502085	830
965	0.5328023353	817
966	0.5333544621	832
967	0.5339065888	877
968	0.5344587156	808
969	0.5350108424	832
970	0.5355629691	808
971	0.5361150959	864
972	0.5366672227	773
973	0.5372193495	778
974	0.5377714762	757
975	0.538323603	789
976	0.5388757298	716
977	0.5394278565	802
978	0.5399799833	753
979	0.5405321101	793
980	0.5410842369	784
981	0.5416363636	755
982	0.5421884904	745
983	0.5427406172	757
984	0.543292744	755
985	0.5438448707	751
986	0.5443969975	773
987	0.5449491243	777
988	0.545501251	797
989	0.5460533778	802
990	0.5466055046	763
991	0.5471576314	706
992	0.5477097581	750
993	0.5482618849	749
994	0.5488140117	771
995	0.5493661384	754
996	0.5499182652	703
997	0.550470392	722
998	0.5510225188	716
999	0.5515746455	761
1000	0.5521267723	739
1001	0.5526788991	713
1002	0.5532310259	712
1003	0.5537831526	776
1004	0.5543352794	701
1005	0.5548874062	739
1006	0.5554395329	756
1007	0.5559916597	748
1008	0.5565437865	705
1009	0.5570959133	733
1010	0.55764804	747
1011	0.5582001668	726
1012	0.5587522936	747
1013	0.5593044204	764
1014	0.5598565471	772
1015	0.5604086739	749
1016	0.5609608007	728
1017	0.5615129274	740
1018	0.5620650542	690
1019	0.562617181	690
1020	0.5631693078	691
1021	0.5637214345	740
1022	0.5642735613	747
1023	0.5648256881	724
1024	0.5653778148	732
1025	0.5659299416	715
1026	0.5664820684	705
1027	0.5670341952	731
1028	0.5675863219	708
1029	0.5681384487	776
1030	0.5686905755	776
1031	0.5692427023	792
1032	0.569794829	765
1033	0.5703469558	783
1034	0.5708990826	693
1035	0.5714512093	757
1036	0.5720033361	779
1037	0.5725554629	736
1038	0.5731075897	767
1039	0.5736597164	734
1040	0.5742118432	719
1041	0.57476397	738
1042	0.5753160967	735
1043	0.5758682235	771
1044	0.5764203503	717
1045	0.5769724771	770
1046	0.5775246038	741
1047	0.5780767306	745
1048	0.5786288574	740
1049	0.5791809842	770
1050	0.5797331109	776
1051	0.5802852377	839
1052	0.5808373645	816
1053	0.5813894912	754
1054	0.581941618	762
1055	0.5824937448	705
1056	0.5830458716	766
1057	0.5835979983	735
1058	0.5841501251	815
1059	0.5847022519	723
1060	0.5852543786	744
1061	0.5858065054	759
1062	0.5863586322	782
1063	0.586910759	769
1064	0.5874628857	710
1065	0.5880150125	723
1066	0.5885671393	770
1067	0.5891192661	752
1068	0.5896713928	733
1069	0.5902235196	785
1070	0.5907756464	764
1071	0.5913277731	773
1072	0.5918798999	758
1073	0.5924320267	750
1074	0.5929841535	704
1075	0.5935362802	738
1076	0.594088407	770
1077	0.5946405338	779
1078	0.5951926606	763
1079	0.5957447873	773
1080	0.5962969141	716
1081	0.5968490409	815
1082	0.5974011676	731
1083	0.5979532944	754
1084	0.5985054212	730
1085	0.599057548	751
1086	0.5996096747	750
1087	0.6001618015	724
1088	0.6007139283	698
1089	0.601266055	691
1090	0.6018181818	715
1091	0.6023703086	765
1092	0.6029224354	762
1093	0.6034745621	694
1094	0.6040266889	740
1095	0.6045788157	740
1096	0.6051309425	735
1097	0.6056830692	724
1098	0.606235196	724
1099	0.6067873228	709
1100	0.6073394495	718
1101	0.6078915763	698
1102	0.6084437031	683
1103	0.6089958299	727
1104	0.6095479566	689
1105	0.6101000834	677
1106	0.6106522102	746
1107	0.6112043369	715
1108	0.6117564637	768
1109	0.6123085905	720
1110	0.6128607173	727
1111	0.613412844	665
1112	0.6139649708	734
1113	0.6145170976	704
1114	0.6150692244	714
1115	0.6156213511	692
1116	0.6161734779	715
1117	0.6167256047	686
1118	0.6172777314	699
1119	0.6178298582	679
1120	0.618381985	631
1121	0.6189341118	636
1122	0.6194862385	656
1123	0.6200383653	690
1124	0.6205904921	649
1125	0.6211426188	718
1126	0.6216947456	663
1127	0.6222468724	746
1128	0.6227989992	681
1129	0.6233511259	717
1130	0.6239032527	669
1131	0.6244553795	698
1132	0.6250075063	688
1133	0.625559633	660
1134	0.6261117598	681
1135	0.6266638866	679
1136	0.6272160133	689
1137	0.6277681401	650
1138	0.6283202669	723
1139	0.6288723937	644
1140	0.6294245204	706
1141	0.6299766472	728
1142	0.630528774	694
1143	0.6310809008	681
1144	0.6316330275	704
1145	0.6321851543	653
1146	0.6327372811	694
1147	0.6332894078	662
1148	0.6338415346	675
1149	0.6343936614	687
1150	0.6349457882	667
1151	0.6354979149	672
1152	0.6360500417	707
1153	0.6366021685	688
1154	0.6371542952	677
1155	0.637706422	712
1156	0.6382585488	591
1157	0.6388106756	657
1158	0.6393628023	668
1159	0.6399149291	673
1160	0.6404670559	652
1161	0.6410191827	686
1162	0.6415713094	659
1163	0.6421234362	626
1164	0.642675563	682
1165	0.6432276897	689
1166	0.6437798165	716
1167	0.6443319433	705
1168	0.6448840701	661
1169	0.6454361968	680
1170	0.6459883236	683
1171	0.6465404504	701
1172	0.6470925771	689
1173	0.6476447039	615
1174	0.6481968307	675
1175	0.6487489575	700
1176	0.6493010842	679
1177	0.649853211	655
1178	0.6504053378	644
1179	0.6509574646	710
1180	0.6515095913	692
1181	0.6520617181	641
1182	0.6526138449	643
1183	0.6531659716	664
1184	0.6537180984	654
1185	0.6542702252	663
1186	0.654822352	652
1187	0.6553744787	659
1188	0.6559266055	656
1189	0.6564787323	665
1190	0.657030859	690
1191	0.6575829858	656
1192	0.6581351126	635
1193	0.6586872394	666
1194	0.6592393661	671
1195	0.6597914929	636
1196	0.6603436197	699
1197	0.6608957465	648
1198	0.6614478732	678
1199	0.662		689
1200	0.6625521268	631
1201	0.6631042535	604
1202	0.6636563803	715
1203	0.6642085071	717
1204	0.6647606339	630
1205	0.6653127606	636
1206	0.6658648874	660
1207	0.6664170142	618
1208	0.666969141	589
1209	0.6675212677	624
1210	0.6680733945	669
1211	0.6686255213	626
1212	0.669177648	568
1213	0.6697297748	601
1214	0.6702819016	611
1215	0.6708340284	632
1216	0.6713861551	608
1217	0.6719382819	626
1218	0.6724904087	576
1219	0.6730425354	590
1220	0.6735946622	563
1221	0.674146789	590
1222	0.6746989158	632
1223	0.6752510425	577
1224	0.6758031693	591
1225	0.6763552961	594
1226	0.6769074229	563
1227	0.6774595496	608
1228	0.6780116764	620
1229	0.6785638032	580
1230	0.6791159299	547
1231	0.6796680567	600
1232	0.6802201835	528
1233	0.6807723103	547
1234	0.681324437	526
1235	0.6818765638	584
1236	0.6824286906	580
1237	0.6829808173	569
1238	0.6835329441	513
1239	0.6840850709	508
1240	0.6846371977	578
1241	0.6851893244	557
1242	0.6857414512	563
1243	0.686293578	548
1244	0.6868457048	530
1245	0.6873978315	486
1246	0.6879499583	534
1247	0.6885020851	515
1248	0.6890542118	486
1249	0.6896063386	491
1250	0.6901584654	501
1251	0.6907105922	502
1252	0.6912627189	528
1253	0.6918148457	518
1254	0.6923669725	490
1255	0.6929190992	494
1256	0.693471226	485
1257	0.6940233528	500
1258	0.6945754796	480
1259	0.6951276063	479
1260	0.6956797331	462
1261	0.6962318599	510
1262	0.6967839867	444
1263	0.6973361134	471
1264	0.6978882402	439
1265	0.698440367	459
1266	0.6989924937	463
1267	0.6995446205	492
1268	0.7000967473	447
1269	0.7006488741	430
1270	0.7012010008	450
1271	0.7017531276	489
1272	0.7023052544	473
1273	0.7028573812	453
1274	0.7034095079	448
1275	0.7039616347	455
1276	0.7045137615	468
1277	0.7050658882	478
1278	0.705618015	461
1279	0.7061701418	433
1280	0.7067222686	435
1281	0.7072743953	439
1282	0.7078265221	449
1283	0.7083786489	457
1284	0.7089307756	459
1285	0.7094829024	469
1286	0.7100350292	442
1287	0.710587156	448
1288	0.7111392827	469
1289	0.7116914095	483
1290	0.7122435363	470
1291	0.7127956631	447
1292	0.7133477898	458
1293	0.7138999166	452
1294	0.7144520434	412
1295	0.7150041701	432
1296	0.7155562969	446
1297	0.7161084237	439
1298	0.7166605505	421
1299	0.7172126772	442
1300	0.717764804	436
1301	0.7183169308	432
1302	0.7188690575	408
1303	0.7194211843	434
1304	0.7199733111	423
1305	0.7205254379	434
1306	0.7210775646	427
1307	0.7216296914	433
1308	0.7221818182	479
1309	0.722733945	476
1310	0.7232860717	424
1311	0.7238381985	408
1312	0.7243903253	401
1313	0.724942452	445
1314	0.7254945788	456
1315	0.7260467056	435
1316	0.7265988324	454
1317	0.7271509591	447
1318	0.7277030859	417
1319	0.7282552127	408
1320	0.7288073394	425
1321	0.7293594662	423
1322	0.729911593	436
1323	0.7304637198	406
1324	0.7310158465	415
1325	0.7315679733	456
1326	0.7321201001	412
1327	0.7326722269	413
1328	0.7332243536	446
1329	0.7337764804	468
1330	0.7343286072	409
1331	0.7348807339	421
1332	0.7354328607	401
1333	0.7359849875	390
1334	0.7365371143	416
1335	0.737089241	445
1336	0.7376413678	397
1337	0.7381934946	415
1338	0.7387456214	406
1339	0.7392977481	405
1340	0.7398498749	437
1341	0.7404020017	410
1342	0.7409541284	410
1343	0.7415062552	413
1344	0.742058382	434
1345	0.7426105088	435
1346	0.7431626355	403
1347	0.7437147623	406
1348	0.7442668891	391
1349	0.7448190158	415
1350	0.7453711426	376
1351	0.7459232694	429
1352	0.7464753962	418
1353	0.7470275229	415
1354	0.7475796497	385
1355	0.7481317765	413
1356	0.7486839033	430
1357	0.74923603	386
1358	0.7497881568	388
1359	0.7503402836	448
1360	0.7508924103	396
1361	0.7514445371	395
1362	0.7519966639	422
1363	0.7525487907	386
1364	0.7531009174	396
1365	0.7536530442	396
1366	0.754205171	391
1367	0.7547572977	446
1368	0.7553094245	404
1369	0.7558615513	410
1370	0.7564136781	429
1371	0.7569658048	390
1372	0.7575179316	434
1373	0.7580700584	417
1374	0.7586221852	400
1375	0.7591743119	416
1376	0.7597264387	404
1377	0.7602785655	401
1378	0.7608306922	395
1379	0.761382819	450
1380	0.7619349458	383
1381	0.7624870726	400
1382	0.7630391993	378
1383	0.7635913261	421
1384	0.7641434529	414
1385	0.7646955796	389
1386	0.7652477064	408
1387	0.7657998332	379
1388	0.76635196	385
1389	0.7669040867	386
1390	0.7674562135	371
1391	0.7680083403	368
1392	0.7685604671	399
1393	0.7691125938	384
1394	0.7696647206	425
1395	0.7702168474	382
1396	0.7707689741	353
1397	0.7713211009	422
1398	0.7718732277	435
1399	0.7724253545	439
1400	0.7729774812	415
1401	0.773529608	387
1402	0.7740817348	382
1403	0.7746338616	412
1404	0.7751859883	352
1405	0.7757381151	379
1406	0.7762902419	379
1407	0.7768423686	397
1408	0.7773944954	394
1409	0.7779466222	408
1410	0.778498749	404
1411	0.7790508757	389
1412	0.7796030025	389
1413	0.7801551293	363
1414	0.780707256	347
1415	0.7812593828	387
1416	0.7818115096	367
1417	0.7823636364	360
1418	0.7829157631	369
1419	0.7834678899	390
1420	0.7840200167	359
1421	0.7845721435	384
1422	0.7851242702	363
1423	0.785676397	381
1424	0.7862285238	375
1425	0.7867806505	378
1426	0.7873327773	428
1427	0.7878849041	359
1428	0.7884370309	383
1429	0.7889891576	371
1430	0.7895412844	373
1431	0.7900934112	377
1432	0.7906455379	372
1433	0.7911976647	390
1434	0.7917497915	401
1435	0.7923019183	390
1436	0.792854045	395
1437	0.7934061718	389
1438	0.7939582986	362
1439	0.7945104254	310
1440	0.7950625521	376
1441	0.7956146789	378
1442	0.7961668057	386
1443	0.7967189324	385
1444	0.7972710592	381
1445	0.797823186	376
1446	0.7983753128	370
1447	0.7989274395	345
1448	0.7994795663	359
1449	0.8000316931	333
1450	0.8005838198	351
1451	0.8011359466	400
1452	0.8016880734	368
1453	0.8022402002	378
1454	0.8027923269	380
1455	0.8033444537	366
1456	0.8038965805	364
1457	0.8044487073	391
1458	0.805000834	392
1459	0.8055529608	369
1460	0.8061050876	354
1461	0.8066572143	379
1462	0.8072093411	363
1463	0.8077614679	327
1464	0.8083135947	394
1465	0.8088657214	372
1466	0.8094178482	363
1467	0.809969975	370
1468	0.8105221018	353
1469	0.8110742285	382
1470	0.8116263553	353
1471	0.8121784821	376
1472	0.8127306088	372
1473	0.8132827356	368
1474	0.8138348624	371
1475	0.8143869892	337
1476	0.8149391159	388
1477	0.8154912427	349
1478	0.8160433695	351
1479	0.8165954962	368
1480	0.817147623	352
1481	0.8176997498	331
1482	0.8182518766	385
1483	0.8188040033	366
1484	0.8193561301	372
1485	0.8199082569	346
1486	0.8204603837	319
1487	0.8210125104	339
1488	0.8215646372	370
1489	0.822116764	331
1490	0.8226688907	387
1491	0.8232210175	366
1492	0.8237731443	362
1493	0.8243252711	323
1494	0.8248773978	372
1495	0.8254295246	333
1496	0.8259816514	349
1497	0.8265337781	336
1498	0.8270859049	343
1499	0.8276380317	363
1500	0.8281901585	341
1501	0.8287422852	362
1502	0.829294412	330
1503	0.8298465388	360
1504	0.8303986656	334
1505	0.8309507923	353
1506	0.8315029191	305
1507	0.8320550459	364
1508	0.8326071726	325
1509	0.8331592994	358
1510	0.8337114262	316
1511	0.834263553	339
1512	0.8348156797	310
1513	0.8353678065	305
1514	0.8359199333	335
1515	0.8364720601	394
1516	0.8370241868	338
1517	0.8375763136	331
1518	0.8381284404	328
1519	0.8386805671	329
1520	0.8392326939	342
1521	0.8397848207	341
1522	0.8403369475	311
1523	0.8408890742	340
1524	0.841441201	335
1525	0.8419933278	320
1526	0.8425454545	347
1527	0.8430975813	350
1528	0.8436497081	300
1529	0.8442018349	340
1530	0.8447539616	325
1531	0.8453060884	343
1532	0.8458582152	314
1533	0.846410342	312
1534	0.8469624687	329
1535	0.8475145955	325
1536	0.8480667223	302
1537	0.848618849	348
1538	0.8491709758	347
1539	0.8497231026	343
1540	0.8502752294	321
1541	0.8508273561	335
1542	0.8513794829	344
1543	0.8519316097	331
1544	0.8524837364	326
1545	0.8530358632	312
1546	0.85358799	365
1547	0.8541401168	356
1548	0.8546922435	301
1549	0.8552443703	347
1550	0.8557964971	360
1551	0.8563486239	325
1552	0.8569007506	366
1553	0.8574528774	347
1554	0.8580050042	301
1555	0.8585571309	356
1556	0.8591092577	361
1557	0.8596613845	342
1558	0.8602135113	363
1559	0.860765638	335
1560	0.8613177648	336
1561	0.8618698916	350
1562	0.8624220183	380
1563	0.8629741451	333
1564	0.8635262719	371
1565	0.8640783987	317
1566	0.8646305254	352
1567	0.8651826522	343
1568	0.865734779	317
1569	0.8662869058	334
1570	0.8668390325	331
1571	0.8673911593	354
1572	0.8679432861	300
1573	0.8684954128	341
1574	0.8690475396	336
1575	0.8695996664	321
1576	0.8701517932	327
1577	0.8707039199	341
1578	0.8712560467	331
1579	0.8718081735	324
1580	0.8723603003	336
1581	0.872912427	354
1582	0.8734645538	335
1583	0.8740166806	330
1584	0.8745688073	326
1585	0.8751209341	340
1586	0.8756730609	319
1587	0.8762251877	354
1588	0.8767773144	359
1589	0.8773294412	340
1590	0.877881568	336
1591	0.8784336947	345
1592	0.8789858215	332
1593	0.8795379483	345
1594	0.8800900751	340
1595	0.8806422018	348
1596	0.8811943286	338
1597	0.8817464554	337
1598	0.8822985822	299
1599	0.8828507089	351
1600	0.8834028357	328
1601	0.8839549625	344
1602	0.8845070892	360
1603	0.885059216	302
1604	0.8856113428	333
1605	0.8861634696	361
1606	0.8867155963	373
1607	0.8872677231	325
1608	0.8878198499	338
1609	0.8883719766	368
1610	0.8889241034	356
1611	0.8894762302	345
1612	0.890028357	337
1613	0.8905804837	341
1614	0.8911326105	337
1615	0.8916847373	308
1616	0.8922368641	343
1617	0.8927889908	342
1618	0.8933411176	356
1619	0.8938932444	312
1620	0.8944453711	344
1621	0.8949974979	336
1622	0.8955496247	332
1623	0.8961017515	331
1624	0.8966538782	304
1625	0.897206005	354
1626	0.8977581318	337
1627	0.8983102585	378
1628	0.8988623853	332
1629	0.8994145121	347
1630	0.8999666389	338
1631	0.9005187656	338
1632	0.9010708924	345
1633	0.9016230192	369
1634	0.902175146	333
1635	0.9027272727	348
1636	0.9032793995	318
1637	0.9038315263	358
1638	0.904383653	313
1639	0.9049357798	355
1640	0.9054879066	348
1641	0.9060400334	337
1642	0.9065921601	378
1643	0.9071442869	363
1644	0.9076964137	333
1645	0.9082485405	327
1646	0.9088006672	298
1647	0.909352794	355
1648	0.9099049208	354
1649	0.9104570475	353
1650	0.9110091743	377
1651	0.9115613011	333
1652	0.9121134279	357
1653	0.9126655546	355
1654	0.9132176814	360
1655	0.9137698082	338
1656	0.9143219349	347
1657	0.9148740617	340
1658	0.9154261885	316
1659	0.9159783153	347
1660	0.916530442	313
1661	0.9170825688	338
1662	0.9176346956	367
1663	0.9181868224	325
1664	0.9187389491	362
1665	0.9192910759	346
1666	0.9198432027	325
1667	0.9203953294	327
1668	0.9209474562	336
1669	0.921499583	300
1670	0.9220517098	331
1671	0.9226038365	328
1672	0.9231559633	311
1673	0.9237080901	370
1674	0.9242602168	333
1675	0.9248123436	359
1676	0.9253644704	349
1677	0.9259165972	312
1678	0.9264687239	324
1679	0.9270208507	319
1680	0.9275729775	343
1681	0.9281251043	348
1682	0.928677231	331
1683	0.9292293578	329
1684	0.9297814846	327
1685	0.9303336113	323
1686	0.9308857381	331
1687	0.9314378649	319
1688	0.9319899917	336
1689	0.9325421184	334
1690	0.9330942452	302
1691	0.933646372	329
1692	0.9341984987	344
1693	0.9347506255	336
1694	0.9353027523	337
1695	0.9358548791	377
1696	0.9364070058	311
1697	0.9369591326	323
1698	0.9375112594	325
1699	0.9380633862	307
1700	0.9386155129	334
1701	0.9391676397	324
1702	0.9397197665	316
1703	0.9402718932	316
1704	0.94082402	312
1705	0.9413761468	327
1706	0.9419282736	334
1707	0.9424804003	313
1708	0.9430325271	339
1709	0.9435846539	316
1710	0.9441367807	329
1711	0.9446889074	335
1712	0.9452410342	341
1713	0.945793161	351
1714	0.9463452877	343
1715	0.9468974145	317
1716	0.9474495413	346
1717	0.9480016681	295
1718	0.9485537948	326
1719	0.9491059216	342
1720	0.9496580484	338
1721	0.9502101751	323
1722	0.9507623019	338
1723	0.9513144287	357
1724	0.9518665555	331
1725	0.9524186822	296
1726	0.952970809	336
1727	0.9535229358	277
1728	0.9540750626	321
1729	0.9546271893	336
1730	0.9551793161	309
1731	0.9557314429	319
1732	0.9562835696	320
1733	0.9568356964	335
1734	0.9573878232	286
1735	0.95793995	314
1736	0.9584920767	309
1737	0.9590442035	339
1738	0.9595963303	325
1739	0.960148457	314
1740	0.9607005838	296
1741	0.9612527106	347
1742	0.9618048374	314
1743	0.9623569641	270
1744	0.9629090909	298
1745	0.9634612177	300
1746	0.9640133445	344
1747	0.9645654712	315
1748	0.965117598	280
1749	0.9656697248	339
1750	0.9662218515	290
1751	0.9667739783	318
1752	0.9673261051	306
1753	0.9678782319	302
1754	0.9684303586	311
1755	0.9689824854	292
1756	0.9695346122	288
1757	0.9700867389	315
1758	0.9706388657	308
1759	0.9711909925	285
1760	0.9717431193	307
1761	0.972295246	282
1762	0.9728473728	308
1763	0.9733994996	299
1764	0.9739516264	302
1765	0.9745037531	304
1766	0.9750558799	291
1767	0.9756080067	302
1768	0.9761601334	269
1769	0.9767122602	286
1770	0.977264387	299
1771	0.9778165138	291
1772	0.9783686405	273
1773	0.9789207673	267
1774	0.9794728941	292
1775	0.9800250209	310
1776	0.9805771476	286
1777	0.9811292744	296
1778	0.9816814012	280
1779	0.9822335279	281
1780	0.9827856547	258
1781	0.9833377815	301
1782	0.9838899083	322
1783	0.984442035	274
1784	0.9849941618	284
1785	0.9855462886	277
1786	0.9860984153	262
1787	0.9866505421	279
1788	0.9872026689	290
1789	0.9877547957	248
1790	0.9883069224	290
1791	0.9888590492	276
1792	0.989411176	253
1793	0.9899633028	282
1794	0.9905154295	267
1795	0.9910675563	266
1796	0.9916196831	271
1797	0.9921718098	281
1798	0.9927239366	286
1799	0.9932760634	262
1800	0.9938281902	266
1801	0.9943803169	270
1802	0.9949324437	265
1803	0.9954845705	271
1804	0.9960366972	294
1805	0.996588824	278
1806	0.9971409508	289
1807	0.9976930776	289
1808	0.9982452043	223
1809	0.9987973311	248
1810	0.9993494579	271
1811	0.9999015847	258
1812	1.000453711	276
1813	1.001005838	287
1814	1.001557965	261
1815	1.002110092	266
1816	1.002662219	267
1817	1.003214345	261
1818	1.003766472	247
1819	1.004318599	281
1820	1.004870726	254
1821	1.005422852	245
1822	1.005974979	241
1823	1.006527106	225
1824	1.007079233	264
1825	1.007631359	266
1826	1.008183486	239
1827	1.008735613	262
1828	1.00928774	289
1829	1.009839867	257
1830	1.010391993	266
1831	1.01094412	229
1832	1.011496247	243
1833	1.012048374	272
1834	1.0126005	276
1835	1.013152627	270
1836	1.013704754	253
1837	1.014256881	255
1838	1.014809008	274
1839	1.015361134	281
1840	1.015913261	251
1841	1.016465388	233
1842	1.017017515	251
1843	1.017569641	258
1844	1.018121768	273
1845	1.018673895	255
1846	1.019226022	278
1847	1.019778148	280
1848	1.020330275	247
1849	1.020882402	247
1850	1.021434529	222
1851	1.021986656	248
1852	1.022538782	241
1853	1.023090909	272
1854	1.023643036	253
1855	1.024195163	256
1856	1.024747289	235
1857	1.025299416	249
1858	1.025851543	269
1859	1.02640367	264
1860	1.026955796	273
1861	1.027507923	236
1862	1.02806005	251
1863	1.028612177	259
1864	1.029164304	265
1865	1.02971643	277
1866	1.030268557	256
1867	1.030820684	245
1868	1.031372811	224
1869	1.031924937	232
1870	1.032477064	251
1871	1.033029191	248
1872	1.033581318	259
1873	1.034133445	280
1874	1.034685571	257
1875	1.035237698	260
1876	1.035789825	262
1877	1.036341952	247
1878	1.036894078	284
1879	1.037446205	265
1880	1.037998332	236
1881	1.038550459	238
1882	1.039102585	245
1883	1.039654712	265
1884	1.040206839	294
1885	1.040758966	250
1886	1.041311093	254
1887	1.041863219	233
1888	1.042415346	242
1889	1.042967473	277
1890	1.0435196	246
1891	1.044071726	263
1892	1.044623853	228
1893	1.04517598	242
1894	1.045728107	247
1895	1.046280234	250
1896	1.04683236	254
1897	1.047384487	232
1898	1.047936614	227
1899	1.048488741	251
1900	1.049040867	266
1901	1.049592994	247
1902	1.050145121	254
1903	1.050697248	246
1904	1.051249374	264
1905	1.051801501	239
1906	1.052353628	251
1907	1.052905755	269
1908	1.053457882	260
1909	1.054010008	237
1910	1.054562135	247
1911	1.055114262	248
1912	1.055666389	263
1913	1.056218515	254
1914	1.056770642	239
1915	1.057322769	237
1916	1.057874896	222
1917	1.058427023	283
1918	1.058979149	244
1919	1.059531276	239
1920	1.060083403	276
1921	1.06063553	239
1922	1.061187656	253
1923	1.061739783	223
1924	1.06229191	233
1925	1.062844037	238
1926	1.063396163	237
1927	1.06394829	228
1928	1.064500417	254
1929	1.065052544	233
1930	1.065604671	234
1931	1.066156797	264
1932	1.066708924	231
1933	1.067261051	234
1934	1.067813178	259
1935	1.068365304	230
1936	1.068917431	257
1937	1.069469558	273
1938	1.070021685	238
1939	1.070573812	269
1940	1.071125938	272
1941	1.071678065	231
1942	1.072230192	259
1943	1.072782319	244
1944	1.073334445	237
1945	1.073886572	262
1946	1.074438699	285
1947	1.074990826	237
1948	1.075542952	231
1949	1.076095079	261
1950	1.076647206	243
1951	1.077199333	255
1952	1.07775146	240
1953	1.078303586	230
1954	1.078855713	271
1955	1.07940784	261
1956	1.079959967	246
1957	1.080512093	251
1958	1.08106422	270
1959	1.081616347	258
1960	1.082168474	254
1961	1.082720601	265
1962	1.083272727	248
1963	1.083824854	253
1964	1.084376981	269
1965	1.084929108	227
1966	1.085481234	253
1967	1.086033361	281
1968	1.086585488	275
1969	1.087137615	251
1970	1.087689741	264
1971	1.088241868	266
1972	1.088793995	264
1973	1.089346122	268
1974	1.089898249	249
1975	1.090450375	224
1976	1.091002502	232
1977	1.091554629	234
1978	1.092106756	243
1979	1.092658882	255
1980	1.093211009	242
1981	1.093763136	236
1982	1.094315263	272
1983	1.094867389	242
1984	1.095419516	252
1985	1.095971643	240
1986	1.09652377	242
1987	1.097075897	247
1988	1.097628023	244
1989	1.09818015	265
1990	1.098732277	257
1991	1.099284404	258
1992	1.09983653	235
1993	1.100388657	261
1994	1.100940784	236
1995	1.101492911	253
1996	1.102045038	225
1997	1.102597164	253
1998	1.103149291	243
1999	1.103701418	248
2000	1.104253545	253
2001	1.104805671	228
2002	1.105357798	227
2003	1.105909925	271
2004	1.106462052	252
2005	1.107014178	262
2006	1.107566305	242
2007	1.108118432	256
2008	1.108670559	258
2009	1.109222686	264
2010	1.109774812	265
2011	1.110326939	231
2012	1.110879066	247
2013	1.111431193	229
2014	1.111983319	235
2015	1.112535446	224
2016	1.113087573	239
2017	1.1136397	284
2018	1.114191827	232
2019	1.114743953	283
2020	1.11529608	240
2021	1.115848207	238
2022	1.116400334	220
2023	1.11695246	260
2024	1.117504587	237
2025	1.118056714	255
2026	1.118608841	247
2027	1.119160967	276
2028	1.119713094	267
2029	1.120265221	248
2030	1.120817348	234
2031	1.121369475	262
2032	1.121921601	252
2033	1.122473728	236
2034	1.123025855	225
2035	1.123577982	242
2036	1.124130108	233
2037	1.124682235	249
2038	1.125234362	259
2039	1.125786489	279
2040	1.126338616	236
2041	1.126890742	208
2042	1.127442869	268
2043	1.127994996	223
2044	1.128547123	244
2045	1.129099249	231
2046	1.129651376	248
2047	1.130203503	206
2048	1.13075563	269
2049	1.131307756	264
2050	1.131859883	230
2051	1.13241201	218
2052	1.132964137	245
2053	1.133516264	245
2054	1.13406839	236
2055	1.134620517	219
2056	1.135172644	276
2057	1.135724771	226
2058	1.136276897	249
2059	1.136829024	226
2060	1.137381151	214
2061	1.137933278	240
2062	1.138485405	200
2063	1.139037531	233
2064	1.139589658	243
2065	1.140141785	237
2066	1.140693912	227
2067	1.141246038	235
2068	1.141798165	211
2069	1.142350292	244
2070	1.142902419	256
2071	1.143454545	236
2072	1.144006672	248
2073	1.144558799	256
2074	1.145110926	204
2075	1.145663053	228
2076	1.146215179	214
2077	1.146767306	219
2078	1.147319433	237
2079	1.14787156	229
2080	1.148423686	208
2081	1.148975813	221
2082	1.14952794	238
2083	1.150080067	234
2084	1.150632193	215
2085	1.15118432	233
2086	1.151736447	224
2087	1.152288574	210
2088	1.152840701	204
2089	1.153392827	206
2090	1.153944954	253
2091	1.154497081	203
2092	1.155049208	219
2093	1.155601334	206
2094	1.156153461	231
2095	1.156705588	214
2096	1.157257715	220
2097	1.157809842	235
2098	1.158361968	223
2099	1.158914095	228
2100	1.159466222	241
2101	1.160018349	230
2102	1.160570475	177
2103	1.161122602	238
2104	1.161674729	204
2105	1.162226856	217
2106	1.162778982	212
2107	1.163331109	207
2108	1.163883236	190
2109	1.164435363	211
2110	1.16498749	219
2111	1.165539616	186
2112	1.166091743	204
2113	1.16664387	237
2114	1.167195997	203
2115	1.167748123	172
2116	1.16830025	226
2117	1.168852377	221
2118	1.169404504	230
2119	1.169956631	231
2120	1.170508757	190
2121	1.171060884	208
2122	1.171613011	205
2123	1.172165138	191
2124	1.172717264	202
2125	1.173269391	178
2126	1.173821518	209
2127	1.174373645	182
2128	1.174925771	199
2129	1.175477898	219
2130	1.176030025	191
2131	1.176582152	198
2132	1.177134279	181
2133	1.177686405	171
2134	1.178238532	170
2135	1.178790659	195
2136	1.179342786	192
2137	1.179894912	185
2138	1.180447039	205
2139	1.180999166	187
2140	1.181551293	192
2141	1.18210342	180
2142	1.182655546	207
2143	1.183207673	174
2144	1.1837598	196
2145	1.184311927	207
2146	1.184864053	181
2147	1.18541618	214
2148	1.185968307	218
2149	1.186520434	198
2150	1.18707256	206
2151	1.187624687	198
2152	1.188176814	168
2153	1.188728941	190
2154	1.189281068	192
2155	1.189833194	185
2156	1.190385321	190
2157	1.190937448	178
2158	1.191489575	195
2159	1.192041701	181
2160	1.192593828	189
2161	1.193145955	180
2162	1.193698082	187
2163	1.194250209	201
2164	1.194802335	185
2165	1.195354462	187
2166	1.195906589	200
2167	1.196458716	186
2168	1.197010842	179
2169	1.197562969	168
2170	1.198115096	202
2171	1.198667223	144
2172	1.199219349	159
2173	1.199771476	178
2174	1.200323603	194
2175	1.20087573	156
2176	1.201427857	200
2177	1.201979983	187
2178	1.20253211	172
2179	1.203084237	174
2180	1.203636364	165
2181	1.20418849	186
2182	1.204740617	169
2183	1.205292744	211
2184	1.205844871	187
2185	1.206396997	191
2186	1.206949124	182
2187	1.207501251	175
2188	1.208053378	201
2189	1.208605505	185
2190	1.209157631	193
2191	1.209709758	179
2192	1.210261885	175
2193	1.210814012	171
2194	1.211366138	170
2195	1.211918265	175
2196	1.212470392	168
2197	1.213022519	170
2198	1.213574646	173
2199	1.214126772	168
2200	1.214678899	173
2201	1.215231026	159
2202	1.215783153	191
2203	1.216335279	173
2204	1.216887406	156
2205	1.217439533	166
2206	1.21799166	171
2207	1.218543786	169
2208	1.219095913	172
2209	1.21964804	167
2210	1.220200167	186
2211	1.220752294	174
2212	1.22130442	183
2213	1.221856547	161
2214	1.222408674	162
2215	1.222960801	167
2216	1.223512927	154
2217	1.224065054	170
2218	1.224617181	177
2219	1.225169308	181
2220	1.225721435	160
2221	1.226273561	139
2222	1.226825688	159
2223	1.227377815	174
2224	1.227929942	143
2225	1.228482068	168
2226	1.229034195	143
2227	1.229586322	155
2228	1.230138449	159
2229	1.230690575	168
2230	1.231242702	188
2231	1.231794829	150
2232	1.232346956	135
2233	1.232899083	156
2234	1.233451209	159
2235	1.234003336	158
2236	1.234555463	152
2237	1.23510759	162
2238	1.235659716	132
2239	1.236211843	165
2240	1.23676397	137
2241	1.237316097	147
2242	1.237868224	163
2243	1.23842035	180
2244	1.238972477	168
2245	1.239524604	137
2246	1.240076731	140
2247	1.240628857	178
2248	1.241180984	165
2249	1.241733111	173
2250	1.242285238	136
2251	1.242837364	157
2252	1.243389491	167
2253	1.243941618	157
2254	1.244493745	178
2255	1.245045872	170
2256	1.245597998	140
2257	1.246150125	149
2258	1.246702252	147
2259	1.247254379	156
2260	1.247806505	154
2261	1.248358632	169
2262	1.248910759	118
2263	1.249462886	145
2264	1.250015013	141
2265	1.250567139	148
2266	1.251119266	133
2267	1.251671393	129
2268	1.25222352	149
2269	1.252775646	164
2270	1.253327773	139
2271	1.2538799	128
2272	1.254432027	132
2273	1.254984153	153
2274	1.25553628	154
2275	1.256088407	148
2276	1.256640534	154
2277	1.257192661	160
2278	1.257744787	141
2279	1.258296914	147
2280	1.258849041	149
2281	1.259401168	134
2282	1.259953294	131
2283	1.260505421	144
2284	1.261057548	135
2285	1.261609675	151
2286	1.262161802	139
2287	1.262713928	149
2288	1.263266055	119
2289	1.263818182	134
2290	1.264370309	115
2291	1.264922435	126
2292	1.265474562	147
2293	1.266026689	142
2294	1.266578816	149
2295	1.267130942	134
2296	1.267683069	121
2297	1.268235196	139
2298	1.268787323	142
2299	1.26933945	132
2300	1.269891576	142
2301	1.270443703	123
2302	1.27099583	137
2303	1.271547957	137
2304	1.272100083	130
2305	1.27265221	122
2306	1.273204337	143
2307	1.273756464	139
2308	1.27430859	123
2309	1.274860717	133
2310	1.275412844	141
2311	1.275964971	132
2312	1.276517098	120
2313	1.277069224	121
2314	1.277621351	129
2315	1.278173478	152
2316	1.278725605	140
2317	1.279277731	129
2318	1.279829858	113
2319	1.280381985	155
2320	1.280934112	113
2321	1.281486239	136
2322	1.282038365	118
2323	1.282590492	131
2324	1.283142619	104
2325	1.283694746	115
2326	1.284246872	119
2327	1.284798999	125
2328	1.285351126	146
2329	1.285903253	121
2330	1.286455379	120
2331	1.287007506	94
2332	1.287559633	118
2333	1.28811176	122
2334	1.288663887	114
2335	1.289216013	119
2336	1.28976814	127
2337	1.290320267	131
2338	1.290872394	136
2339	1.29142452	110
2340	1.291976647	109
2341	1.292528774	122
2342	1.293080901	109
2343	1.293633028	119
2344	1.294185154	121
2345	1.294737281	144
2346	1.295289408	133
2347	1.295841535	134
2348	1.296393661	116
2349	1.296945788	122
2350	1.297497915	109
2351	1.298050042	123
2352	1.298602168	124
2353	1.299154295	113
2354	1.299706422	118
2355	1.300258549	116
2356	1.300810676	100
2357	1.301362802	123
2358	1.301914929	122
2359	1.302467056	109
2360	1.303019183	107
2361	1.303571309	107
2362	1.304123436	107
2363	1.304675563	114
2364	1.30522769	99
2365	1.305779817	111
2366	1.306331943	130
2367	1.30688407	106
2368	1.307436197	115
2369	1.307988324	105
2370	1.30854045	112
2371	1.309092577	95
2372	1.309644704	107
2373	1.310196831	108
2374	1.310748957	108
2375	1.311301084	125
2376	1.311853211	113
2377	1.312405338	123
2378	1.312957465	114
2379	1.313509591	108
2380	1.314061718	117
2381	1.314613845	141
2382	1.315165972	108
2383	1.315718098	104
2384	1.316270225	107
2385	1.316822352	114
2386	1.317374479	107
2387	1.317926606	108
2388	1.318478732	122
2389	1.319030859	102
2390	1.319582986	119
2391	1.320135113	115
2392	1.320687239	101
2393	1.321239366	134
2394	1.321791493	116
2395	1.32234362	115
2396	1.322895746	120
2397	1.323447873	102
2398	1.324		103
2399	1.324552127	112
2400	1.325104254	112
2401	1.32565638	104
2402	1.326208507	103
2403	1.326760634	107
2404	1.327312761	128
2405	1.327864887	107
2406	1.328417014	106
2407	1.328969141	112
2408	1.329521268	108
2409	1.330073394	117
2410	1.330625521	96
2411	1.331177648	123
2412	1.331729775	97
2413	1.332281902	97
2414	1.332834028	118
2415	1.333386155	99
2416	1.333938282	129
2417	1.334490409	111
2418	1.335042535	122
2419	1.335594662	112
2420	1.336146789	115
2421	1.336698916	117
2422	1.337251043	104
2423	1.337803169	133
2424	1.338355296	113
2425	1.338907423	135
2426	1.33945955	111
2427	1.340011676	108
2428	1.340563803	107
2429	1.34111593	110
2430	1.341668057	128
2431	1.342220183	108
2432	1.34277231	131
2433	1.343324437	108
2434	1.343876564	121
2435	1.344428691	118
2436	1.344980817	142
2437	1.345532944	119
2438	1.346085071	130
2439	1.346637198	127
2440	1.347189324	128
2441	1.347741451	118
2442	1.348293578	121
2443	1.348845705	141
2444	1.349397832	146
2445	1.349949958	125
2446	1.350502085	140
2447	1.351054212	137
2448	1.351606339	129
2449	1.352158465	121
2450	1.352710592	116
2451	1.353262719	136
2452	1.353814846	142
2453	1.354366972	122
2454	1.354919099	147
2455	1.355471226	131
2456	1.356023353	140
2457	1.35657548	139
2458	1.357127606	157
2459	1.357679733	135
2460	1.35823186	141
2461	1.358783987	161
2462	1.359336113	148
2463	1.35988824	158
2464	1.360440367	167
2465	1.360992494	145
2466	1.361544621	153
2467	1.362096747	132
2468	1.362648874	153
2469	1.363201001	160
2470	1.363753128	133
2471	1.364305254	157
2472	1.364857381	169
2473	1.365409508	178
2474	1.365961635	157
2475	1.366513761	172
2476	1.367065888	156
2477	1.367618015	157
2478	1.368170142	171
2479	1.368722269	151
2480	1.369274395	186
2481	1.369826522	180
2482	1.370378649	171
2483	1.370930776	158
2484	1.371482902	184
2485	1.372035029	166
2486	1.372587156	191
2487	1.373139283	170
2488	1.37369141	179
2489	1.374243536	179
2490	1.374795663	197
2491	1.37534779	193
2492	1.375899917	193
2493	1.376452043	189
2494	1.37700417	181
2495	1.377556297	185
2496	1.378108424	233
2497	1.37866055	218
2498	1.379212677	182
2499	1.379764804	220
2500	1.380316931	174
2501	1.380869058	229
2502	1.381421184	193
2503	1.381973311	216
2504	1.382525438	216
2505	1.383077565	213
2506	1.383629691	239
2507	1.384181818	220
2508	1.384733945	220
2509	1.385286072	241
2510	1.385838198	190
2511	1.386390325	226
2512	1.386942452	248
2513	1.387494579	217
2514	1.388046706	221
2515	1.388598832	256
2516	1.389150959	214
2517	1.389703086	212
2518	1.390255213	208
2519	1.390807339	268
2520	1.391359466	218
2521	1.391911593	209
2522	1.39246372	286
2523	1.393015847	236
2524	1.393567973	250
2525	1.3941201	271
2526	1.394672227	235
2527	1.395224354	256
2528	1.39577648	239
2529	1.396328607	241
2530	1.396880734	270
2531	1.397432861	280
2532	1.397984987	260
2533	1.398537114	248
2534	1.399089241	259
2535	1.399641368	267
2536	1.400193495	240
2537	1.400745621	282
2538	1.401297748	273
2539	1.401849875	299
2540	1.402402002	242
2541	1.402954128	311
2542	1.403506255	262
2543	1.404058382	290
2544	1.404610509	297
2545	1.405162636	306
2546	1.405714762	286
2547	1.406266889	267
2548	1.406819016	290
2549	1.407371143	305
2550	1.407923269	288
2551	1.408475396	287
2552	1.409027523	290
2553	1.40957965	282
2554	1.410131776	262
2555	1.410683903	309
2556	1.41123603	312
2557	1.411788157	318
2558	1.412340284	306
2559	1.41289241	271
2560	1.413444537	330
2561	1.413996664	314
2562	1.414548791	283
2563	1.415100917	313
2564	1.415653044	314
2565	1.416205171	293
2566	1.416757298	299
2567	1.417309425	340
2568	1.417861551	312
2569	1.418413678	300
2570	1.418965805	310
2571	1.419517932	292
2572	1.420070058	349
2573	1.420622185	306
2574	1.421174312	331
2575	1.421726439	308
2576	1.422278565	335
2577	1.422830692	305
2578	1.423382819	317
2579	1.423934946	304
2580	1.424487073	319
2581	1.425039199	320
2582	1.425591326	311
2583	1.426143453	304
2584	1.42669558	331
2585	1.427247706	299
2586	1.427799833	306
2587	1.42835196	315
2588	1.428904087	340
2589	1.429456214	304
2590	1.43000834	326
2591	1.430560467	347
2592	1.431112594	284
2593	1.431664721	319
2594	1.432216847	304
2595	1.432768974	305
2596	1.433321101	308
2597	1.433873228	291
2598	1.434425354	306
2599	1.434977481	301
2600	1.435529608	313
2601	1.436081735	300
2602	1.436633862	308
2603	1.437185988	286
2604	1.437738115	293
2605	1.438290242	300
2606	1.438842369	311
2607	1.439394495	288
2608	1.439946622	294
2609	1.440498749	260
2610	1.441050876	285
2611	1.441603003	271
2612	1.442155129	305
2613	1.442707256	301
2614	1.443259383	321
2615	1.44381151	294
2616	1.444363636	272
2617	1.444915763	263
2618	1.44546789	272
2619	1.446020017	276
2620	1.446572143	239
2621	1.44712427	267
2622	1.447676397	251
2623	1.448228524	239
2624	1.448780651	250
2625	1.449332777	255
2626	1.449884904	275
2627	1.450437031	264
2628	1.450989158	236
2629	1.451541284	248
2630	1.452093411	254
2631	1.452645538	234
2632	1.453197665	214
2633	1.453749791	246
2634	1.454301918	230
2635	1.454854045	237
2636	1.455406172	222
2637	1.455958299	231
2638	1.456510425	210
2639	1.457062552	237
2640	1.457614679	216
2641	1.458166806	243
2642	1.458718932	242
2643	1.459271059	205
2644	1.459823186	191
2645	1.460375313	199
2646	1.46092744	178
2647	1.461479566	206
2648	1.462031693	194
2649	1.46258382	196
2650	1.463135947	216
2651	1.463688073	202
2652	1.4642402	197
2653	1.464792327	177
2654	1.465344454	190
2655	1.46589658	156
2656	1.466448707	201
2657	1.467000834	179
2658	1.467552961	184
2659	1.468105088	172
2660	1.468657214	196
2661	1.469209341	194
2662	1.469761468	157
2663	1.470313595	155
2664	1.470865721	165
2665	1.471417848	143
2666	1.471969975	183
2667	1.472522102	143
2668	1.473074229	170
2669	1.473626355	151
2670	1.474178482	151
2671	1.474730609	178
2672	1.475282736	169
2673	1.475834862	134
2674	1.476386989	157
2675	1.476939116	148
2676	1.477491243	133
2677	1.478043369	139
2678	1.478595496	131
2679	1.479147623	139
2680	1.47969975	126
2681	1.480251877	132
2682	1.480804003	132
2683	1.48135613	129
2684	1.481908257	133
2685	1.482460384	125
2686	1.48301251	105
2687	1.483564637	135
2688	1.484116764	118
2689	1.484668891	125
2690	1.485221018	115
2691	1.485773144	113
2692	1.486325271	92
2693	1.486877398	117
2694	1.487429525	87
2695	1.487981651	103
2696	1.488533778	109
2697	1.489085905	112
2698	1.489638032	112
2699	1.490190158	114
2700	1.490742285	101
2701	1.491294412	101
2702	1.491846539	93
2703	1.492398666	90
2704	1.492950792	108
2705	1.493502919	107
2706	1.494055046	88
2707	1.494607173	95
2708	1.495159299	95
2709	1.495711426	110
2710	1.496263553	111
2711	1.49681568	76
2712	1.497367807	72
2713	1.497919933	99
2714	1.49847206	76
2715	1.499024187	63
2716	1.499576314	64
2717	1.50012844	74
2718	1.500680567	80
2719	1.501232694	83
2720	1.501784821	88
2721	1.502336947	90
2722	1.502889074	74
2723	1.503441201	72
2724	1.503993328	68
2725	1.504545455	78
2726	1.505097581	57
2727	1.505649708	54
2728	1.506201835	70
2729	1.506753962	68
2730	1.507306088	76
2731	1.507858215	68
2732	1.508410342	67
2733	1.508962469	58
2734	1.509514595	78
2735	1.510066722	65
2736	1.510618849	79
2737	1.511170976	74
2738	1.511723103	72
2739	1.512275229	67
2740	1.512827356	69
2741	1.513379483	60
2742	1.51393161	54
2743	1.514483736	63
2744	1.515035863	67
2745	1.51558799	57
2746	1.516140117	52
2747	1.516692244	73
2748	1.51724437	52
2749	1.517796497	70
2750	1.518348624	55
2751	1.518900751	53
2752	1.519452877	53
2753	1.520005004	69
2754	1.520557131	64
2755	1.521109258	48
2756	1.521661384	45
2757	1.522213511	37
2758	1.522765638	70
2759	1.523317765	53
2760	1.523869892	65
2761	1.524422018	47
2762	1.524974145	50
2763	1.525526272	55
2764	1.526078399	50
2765	1.526630525	44
2766	1.527182652	52
2767	1.527734779	48
2768	1.528286906	41
2769	1.528839033	43
2770	1.529391159	53
2771	1.529943286	49
2772	1.530495413	46
2773	1.53104754	48
2774	1.531599666	55
2775	1.532151793	55
2776	1.53270392	42
2777	1.533256047	63
2778	1.533808173	56
2779	1.5343603	48
2780	1.534912427	41
2781	1.535464554	46
2782	1.536016681	46
2783	1.536568807	65
2784	1.537120934	52
2785	1.537673061	49
2786	1.538225188	42
2787	1.538777314	57
2788	1.539329441	52
2789	1.539881568	45
2790	1.540433695	58
2791	1.540985822	41
2792	1.541537948	56
2793	1.542090075	66
2794	1.542642202	48
2795	1.543194329	46
2796	1.543746455	46
2797	1.544298582	47
2798	1.544850709	46
2799	1.545402836	39
2800	1.545954962	49
2801	1.546507089	51
2802	1.547059216	39
2803	1.547611343	47
2804	1.54816347	40
2805	1.548715596	42
2806	1.549267723	55
2807	1.54981985	45
2808	1.550371977	46
2809	1.550924103	42
2810	1.55147623	36
2811	1.552028357	50
2812	1.552580484	41
2813	1.553132611	47
2814	1.553684737	38
2815	1.554236864	51
2816	1.554788991	49
2817	1.555341118	37
2818	1.555893244	34
2819	1.556445371	43
2820	1.556997498	50
2821	1.557549625	38
2822	1.558101751	39
2823	1.558653878	41
2824	1.559206005	39
2825	1.559758132	45
2826	1.560310259	58
2827	1.560862385	42
2828	1.561414512	31
2829	1.561966639	39
2830	1.562518766	49
2831	1.563070892	37
2832	1.563623019	44
2833	1.564175146	38
2834	1.564727273	36
2835	1.565279399	49
2836	1.565831526	40
2837	1.566383653	37
2838	1.56693578	38
2839	1.567487907	43
2840	1.568040033	50
2841	1.56859216	42
2842	1.569144287	37
2843	1.569696414	45
2844	1.57024854	39
2845	1.570800667	50
2846	1.571352794	40
2847	1.571904921	47
2848	1.572457048	39
2849	1.573009174	50
2850	1.573561301	38
2851	1.574113428	39
2852	1.574665555	43
2853	1.575217681	47
2854	1.575769808	36
2855	1.576321935	41
2856	1.576874062	44
2857	1.577426188	43
2858	1.577978315	40
2859	1.578530442	47
2860	1.579082569	55
2861	1.579634696	33
2862	1.580186822	52
2863	1.580738949	41
2864	1.581291076	42
2865	1.581843203	37
2866	1.582395329	40
2867	1.582947456	35
2868	1.583499583	34
2869	1.58405171	36
2870	1.584603837	50
2871	1.585155963	41
2872	1.58570809	46
2873	1.586260217	39
2874	1.586812344	38
2875	1.58736447	38
2876	1.587916597	38
2877	1.588468724	38
2878	1.589020851	34
2879	1.589572977	35
2880	1.590125104	44
2881	1.590677231	38
2882	1.591229358	32
2883	1.591781485	40
2884	1.592333611	41
2885	1.592885738	36
2886	1.593437865	34
2887	1.593989992	27
2888	1.594542118	35
2889	1.595094245	42
2890	1.595646372	33
2891	1.596198499	46
2892	1.596750626	43
2893	1.597302752	42
2894	1.597854879	26
2895	1.598407006	49
2896	1.598959133	36
2897	1.599511259	38
2898	1.600063386	34
2899	1.600615513	31
2900	1.60116764	26
2901	1.601719766	30
2902	1.602271893	34
2903	1.60282402	39
2904	1.603376147	47
2905	1.603928274	28
2906	1.6044804	39
2907	1.605032527	34
2908	1.605584654	43
2909	1.606136781	32
2910	1.606688907	37
2911	1.607241034	33
2912	1.607793161	34
2913	1.608345288	36
2914	1.608897415	40
2915	1.609449541	36
2916	1.610001668	37
2917	1.610553795	38
2918	1.611105922	43
2919	1.611658048	49
2920	1.612210175	34
2921	1.612762302	29
2922	1.613314429	38
2923	1.613866555	45
2924	1.614418682	26
2925	1.614970809	38
2926	1.615522936	45
2927	1.616075063	38
2928	1.616627189	41
2929	1.617179316	45
2930	1.617731443	34
2931	1.61828357	30
2932	1.618835696	26
2933	1.619387823	35
2934	1.61993995	50
2935	1.620492077	33
2936	1.621044204	42
2937	1.62159633	34
2938	1.622148457	35
2939	1.622700584	35
2940	1.623252711	42
2941	1.623804837	38
2942	1.624356964	36
2943	1.624909091	33
2944	1.625461218	33
2945	1.626013344	38
2946	1.626565471	31
2947	1.627117598	39
2948	1.627669725	42
2949	1.628221852	35
2950	1.628773978	33
2951	1.629326105	38
2952	1.629878232	29
2953	1.630430359	37
2954	1.630982485	52
2955	1.631534612	36
2956	1.632086739	30
2957	1.632638866	33
2958	1.633190992	38
2959	1.633743119	32
2960	1.634295246	42
2961	1.634847373	30
2962	1.6353995	35
2963	1.635951626	38
2964	1.636503753	42
2965	1.63705588	41
2966	1.637608007	32
2967	1.638160133	38
2968	1.63871226	39
2969	1.639264387	32
2970	1.639816514	35
2971	1.640368641	39
2972	1.640920767	40
2973	1.641472894	37
2974	1.642025021	36
2975	1.642577148	32
2976	1.643129274	34
2977	1.643681401	33
2978	1.644233528	36
2979	1.644785655	34
2980	1.645337781	27
2981	1.645889908	40
2982	1.646442035	34
2983	1.646994162	30
2984	1.647546289	34
2985	1.648098415	39
2986	1.648650542	30
2987	1.649202669	39
2988	1.649754796	38
2989	1.650306922	33
2990	1.650859049	26
2991	1.651411176	33
2992	1.651963303	38
2993	1.65251543	42
2994	1.653067556	44
2995	1.653619683	34
2996	1.65417181	28
2997	1.654723937	24
2998	1.655276063	45
2999	1.65582819	34
3000	1.656380317	29
3001	1.656932444	38
3002	1.65748457	34
3003	1.658036697	33
3004	1.658588824	37
3005	1.659140951	34
3006	1.659693078	40
3007	1.660245204	28
3008	1.660797331	41
3009	1.661349458	37
3010	1.661901585	31
3011	1.662453711	36
3012	1.663005838	27
3013	1.663557965	26
3014	1.664110092	22
3015	1.664662219	35
3016	1.665214345	43
3017	1.665766472	46
3018	1.666318599	33
3019	1.666870726	37
3020	1.667422852	31
3021	1.667974979	49
3022	1.668527106	37
3023	1.669079233	29
3024	1.669631359	34
3025	1.670183486	44
3026	1.670735613	35
3027	1.67128774	38
3028	1.671839867	24
3029	1.672391993	40
3030	1.67294412	36
3031	1.673496247	38
3032	1.674048374	44
3033	1.6746005	35
3034	1.675152627	33
3035	1.675704754	53
3036	1.676256881	30
3037	1.676809008	55
3038	1.677361134	32
3039	1.677913261	34
3040	1.678465388	44
3041	1.679017515	25
3042	1.679569641	33
3043	1.680121768	41
3044	1.680673895	44
3045	1.681226022	42
3046	1.681778148	38
3047	1.682330275	52
3048	1.682882402	36
3049	1.683434529	46
3050	1.683986656	38
3051	1.684538782	51
3052	1.685090909	39
3053	1.685643036	40
3054	1.686195163	21
3055	1.686747289	30
3056	1.687299416	37
3057	1.687851543	48
3058	1.68840367	37
3059	1.688955796	40
3060	1.689507923	42
3061	1.69006005	48
3062	1.690612177	41
3063	1.691164304	36
3064	1.69171643	43
3065	1.692268557	44
3066	1.692820684	27
3067	1.693372811	33
3068	1.693924937	43
3069	1.694477064	52
3070	1.695029191	37
3071	1.695581318	42
3072	1.696133445	36
3073	1.696685571	37
3074	1.697237698	46
3075	1.697789825	40
3076	1.698341952	47
3077	1.698894078	39
3078	1.699446205	34
3079	1.699998332	45
3080	1.700550459	28
3081	1.701102585	55
3082	1.701654712	44
3083	1.702206839	46
3084	1.702758966	41
3085	1.703311093	41
3086	1.703863219	38
3087	1.704415346	46
3088	1.704967473	43
3089	1.7055196	37
3090	1.706071726	39
3091	1.706623853	52
3092	1.70717598	37
3093	1.707728107	42
3094	1.708280234	43
3095	1.70883236	29
3096	1.709384487	45
3097	1.709936614	48
3098	1.710488741	50
3099	1.711040867	36
3100	1.711592994	46
3101	1.712145121	41
3102	1.712697248	40
3103	1.713249374	35
3104	1.713801501	45
3105	1.714353628	54
3106	1.714905755	32
3107	1.715457882	41
3108	1.716010008	42
3109	1.716562135	25
3110	1.717114262	39
3111	1.717666389	40
3112	1.718218515	38
3113	1.718770642	44
3114	1.719322769	36
3115	1.719874896	43
3116	1.720427023	46
3117	1.720979149	41
3118	1.721531276	36
3119	1.722083403	30
3120	1.72263553	36
3121	1.723187656	42
3122	1.723739783	39
3123	1.72429191	40
3124	1.724844037	42
3125	1.725396163	28
3126	1.72594829	44
3127	1.726500417	47
3128	1.727052544	31
3129	1.727604671	32
3130	1.728156797	43
3131	1.728708924	42
3132	1.729261051	40
3133	1.729813178	46
3134	1.730365304	43
3135	1.730917431	42
3136	1.731469558	37
3137	1.732021685	44
3138	1.732573812	34
3139	1.733125938	31
3140	1.733678065	35
3141	1.734230192	39
3142	1.734782319	42
3143	1.735334445	36
3144	1.735886572	35
3145	1.736438699	40
3146	1.736990826	35
3147	1.737542952	42
3148	1.738095079	41
3149	1.738647206	32
3150	1.739199333	39
3151	1.73975146	35
3152	1.740303586	37
3153	1.740855713	27
3154	1.74140784	43
3155	1.741959967	38
3156	1.742512093	55
3157	1.74306422	35
3158	1.743616347	32
3159	1.744168474	31
3160	1.744720601	22
3161	1.745272727	23
3162	1.745824854	27
3163	1.746376981	36
3164	1.746929108	38
3165	1.747481234	40
3166	1.748033361	35
3167	1.748585488	38
3168	1.749137615	23
3169	1.749689741	31
3170	1.750241868	43
3171	1.750793995	35
3172	1.751346122	36
3173	1.751898249	37
3174	1.752450375	19
3175	1.753002502	42
3176	1.753554629	37
3177	1.754106756	30
3178	1.754658882	31
3179	1.755211009	37
3180	1.755763136	36
3181	1.756315263	48
3182	1.756867389	25
3183	1.757419516	29
3184	1.757971643	30
3185	1.75852377	32
3186	1.759075897	29
3187	1.759628023	20
3188	1.76018015	32
3189	1.760732277	34
3190	1.761284404	22
3191	1.76183653	46
3192	1.762388657	21
3193	1.762940784	37
3194	1.763492911	26
3195	1.764045038	44
3196	1.764597164	23
3197	1.765149291	25
3198	1.765701418	29
3199	1.766253545	35
3200	1.766805671	29
3201	1.767357798	43
3202	1.767909925	41
3203	1.768462052	41
3204	1.769014178	31
3205	1.769566305	29
3206	1.770118432	29
3207	1.770670559	39
3208	1.771222686	26
3209	1.771774812	30
3210	1.772326939	28
3211	1.772879066	27
3212	1.773431193	28
3213	1.773983319	25
3214	1.774535446	28
3215	1.775087573	28
3216	1.7756397	33
3217	1.776191827	26
3218	1.776743953	27
3219	1.77729608	24
3220	1.777848207	26
3221	1.778400334	25
3222	1.77895246	22
3223	1.779504587	27
3224	1.780056714	29
3225	1.780608841	29
3226	1.781160967	25
3227	1.781713094	43
3228	1.782265221	37
3229	1.782817348	24
3230	1.783369475	37
3231	1.783921601	31
3232	1.784473728	20
3233	1.785025855	30
3234	1.785577982	28
3235	1.786130108	30
3236	1.786682235	25
3237	1.787234362	33
3238	1.787786489	30
3239	1.788338616	26
3240	1.788890742	21
3241	1.789442869	30
3242	1.789994996	34
3243	1.790547123	21
3244	1.791099249	24
3245	1.791651376	22
3246	1.792203503	32
3247	1.79275563	33
3248	1.793307756	29
3249	1.793859883	31
3250	1.79441201	21
3251	1.794964137	21
3252	1.795516264	34
3253	1.79606839	21
3254	1.796620517	29
3255	1.797172644	39
3256	1.797724771	28
3257	1.798276897	21
3258	1.798829024	28
3259	1.799381151	32
3260	1.799933278	26
3261	1.800485405	30
3262	1.801037531	31
3263	1.801589658	21
3264	1.802141785	31
3265	1.802693912	25
3266	1.803246038	29
3267	1.803798165	36
3268	1.804350292	23
3269	1.804902419	16
3270	1.805454545	21
3271	1.806006672	24
3272	1.806558799	29
3273	1.807110926	17
3274	1.807663053	37
3275	1.808215179	29
3276	1.808767306	31
3277	1.809319433	26
3278	1.80987156	34
3279	1.810423686	26
3280	1.810975813	28
3281	1.81152794	36
3282	1.812080067	27
3283	1.812632193	26
3284	1.81318432	19
3285	1.813736447	29
3286	1.814288574	28
3287	1.814840701	19
3288	1.815392827	21
3289	1.815944954	23
3290	1.816497081	24
3291	1.817049208	36
3292	1.817601334	26
3293	1.818153461	23
3294	1.818705588	27
3295	1.819257715	17
3296	1.819809842	25
3297	1.820361968	21
3298	1.820914095	25
3299	1.821466222	23
3300	1.822018349	25
3301	1.822570475	33
3302	1.823122602	26
3303	1.823674729	21
3304	1.824226856	24
3305	1.824778982	34
3306	1.825331109	31
3307	1.825883236	25
3308	1.826435363	25
3309	1.82698749	31
3310	1.827539616	24
3311	1.828091743	32
3312	1.82864387	29
3313	1.829195997	23
3314	1.829748123	22
3315	1.83030025	26
3316	1.830852377	27
3317	1.831404504	21
3318	1.831956631	29
3319	1.832508757	21
3320	1.833060884	31
3321	1.833613011	20
3322	1.834165138	20
3323	1.834717264	26
3324	1.835269391	29
3325	1.835821518	27
3326	1.836373645	25
3327	1.836925771	24
3328	1.837477898	27
3329	1.838030025	20
3330	1.838582152	24
3331	1.839134279	34
3332	1.839686405	25
3333	1.840238532	18
3334	1.840790659	22
3335	1.841342786	19
3336	1.841894912	17
3337	1.842447039	22
3338	1.842999166	13
3339	1.843551293	17
3340	1.84410342	21
3341	1.844655546	20
3342	1.845207673	31
3343	1.8457598	25
3344	1.846311927	23
3345	1.846864053	26
3346	1.84741618	15
3347	1.847968307	23
3348	1.848520434	24
3349	1.84907256	24
3350	1.849624687	27
3351	1.850176814	23
3352	1.850728941	19
3353	1.851281068	34
3354	1.851833194	21
3355	1.852385321	15
3356	1.852937448	11
3357	1.853489575	22
3358	1.854041701	21
3359	1.854593828	11
3360	1.855145955	28
3361	1.855698082	30
3362	1.856250209	17
3363	1.856802335	19
3364	1.857354462	27
3365	1.857906589	28
3366	1.858458716	25
3367	1.859010842	21
3368	1.859562969	26
3369	1.860115096	29
3370	1.860667223	14
3371	1.861219349	26
3372	1.861771476	20
3373	1.862323603	28
3374	1.86287573	19
3375	1.863427857	21
3376	1.863979983	32
3377	1.86453211	22
3378	1.865084237	24
3379	1.865636364	23
3380	1.86618849	27
3381	1.866740617	28
3382	1.867292744	26
3383	1.867844871	20
3384	1.868396997	35
3385	1.868949124	25
3386	1.869501251	27
3387	1.870053378	30
3388	1.870605505	26
3389	1.871157631	25
3390	1.871709758	25
3391	1.872261885	26
3392	1.872814012	32
3393	1.873366138	20
3394	1.873918265	20
3395	1.874470392	21
3396	1.875022519	28
3397	1.875574646	22
3398	1.876126772	24
3399	1.876678899	20
3400	1.877231026	25
3401	1.877783153	22
3402	1.878335279	15
3403	1.878887406	18
3404	1.879439533	17
3405	1.87999166	20
3406	1.880543786	19
3407	1.881095913	29
3408	1.88164804	22
3409	1.882200167	19
3410	1.882752294	18
3411	1.88330442	20
3412	1.883856547	18
3413	1.884408674	23
3414	1.884960801	19
3415	1.885512927	21
3416	1.886065054	25
3417	1.886617181	20
3418	1.887169308	19
3419	1.887721435	15
3420	1.888273561	20
3421	1.888825688	21
3422	1.889377815	21
3423	1.889929942	20
3424	1.890482068	20
3425	1.891034195	16
3426	1.891586322	22
3427	1.892138449	19
3428	1.892690575	19
3429	1.893242702	21
3430	1.893794829	25
3431	1.894346956	23
3432	1.894899083	21
3433	1.895451209	31
3434	1.896003336	19
3435	1.896555463	27
3436	1.89710759	25
3437	1.897659716	14
3438	1.898211843	25
3439	1.89876397	22
3440	1.899316097	15
3441	1.899868224	22
3442	1.90042035	14
3443	1.900972477	19
3444	1.901524604	24
3445	1.902076731	16
3446	1.902628857	17
3447	1.903180984	30
3448	1.903733111	25
3449	1.904285238	31
3450	1.904837364	24
3451	1.905389491	19
3452	1.905941618	14
3453	1.906493745	26
3454	1.907045872	23
3455	1.907597998	17
3456	1.908150125	13
3457	1.908702252	19
3458	1.909254379	25
3459	1.909806505	26
3460	1.910358632	20
3461	1.910910759	25
3462	1.911462886	20
3463	1.912015013	24
3464	1.912567139	24
3465	1.913119266	17
3466	1.913671393	15
3467	1.91422352	16
3468	1.914775646	15
3469	1.915327773	20
3470	1.9158799	22
3471	1.916432027	21
3472	1.916984153	20
3473	1.91753628	24
3474	1.918088407	15
3475	1.918640534	21
3476	1.919192661	15
3477	1.919744787	25
3478	1.920296914	25
3479	1.920849041	15
3480	1.921401168	20
3481	1.921953294	20
3482	1.922505421	21
3483	1.923057548	24
3484	1.923609675	23
3485	1.924161802	14
3486	1.924713928	17
3487	1.925266055	20
3488	1.925818182	17
3489	1.926370309	22
3490	1.926922435	22
3491	1.927474562	24
3492	1.928026689	21
3493	1.928578816	17
3494	1.929130942	26
3495	1.929683069	18
3496	1.930235196	19
3497	1.930787323	20
3498	1.93133945	18
3499	1.931891576	19
3500	1.932443703	20
3501	1.93299583	21
3502	1.933547957	17
3503	1.934100083	22
3504	1.93465221	18
3505	1.935204337	18
3506	1.935756464	20
3507	1.93630859	25
3508	1.936860717	25
3509	1.937412844	21
3510	1.937964971	30
3511	1.938517098	22
3512	1.939069224	28
3513	1.939621351	11
3514	1.940173478	20
3515	1.940725605	22
3516	1.941277731	20
3517	1.941829858	20
3518	1.942381985	23
3519	1.942934112	18
3520	1.943486239	20
3521	1.944038365	18
3522	1.944590492	18
3523	1.945142619	17
3524	1.945694746	24
3525	1.946246872	16
3526	1.946798999	18
3527	1.947351126	22
3528	1.947903253	13
3529	1.948455379	17
3530	1.949007506	14
3531	1.949559633	18
3532	1.95011176	22
3533	1.950663887	21
3534	1.951216013	23
3535	1.95176814	24
3536	1.952320267	16
3537	1.952872394	24
3538	1.95342452	20
3539	1.953976647	13
3540	1.954528774	24
3541	1.955080901	27
3542	1.955633028	23
3543	1.956185154	28
3544	1.956737281	27
3545	1.957289408	14
3546	1.957841535	24
3547	1.958393661	17
3548	1.958945788	16
3549	1.959497915	22
3550	1.960050042	21
3551	1.960602168	19
3552	1.961154295	23
3553	1.961706422	17
3554	1.962258549	17
3555	1.962810676	32
3556	1.963362802	24
3557	1.963914929	10
3558	1.964467056	21
3559	1.965019183	22
3560	1.965571309	20
3561	1.966123436	15
3562	1.966675563	26
3563	1.96722769	18
3564	1.967779817	23
3565	1.968331943	23
3566	1.96888407	17
3567	1.969436197	11
3568	1.969988324	18
3569	1.97054045	20
3570	1.971092577	25
3571	1.971644704	19
3572	1.972196831	23
3573	1.972748957	29
3574	1.973301084	19
3575	1.973853211	14
3576	1.974405338	17
3577	1.974957465	20
3578	1.975509591	23
3579	1.976061718	20
3580	1.976613845	24
3581	1.977165972	20
3582	1.977718098	21
3583	1.978270225	21
3584	1.978822352	24
3585	1.979374479	21
3586	1.979926606	30
3587	1.980478732	14
3588	1.981030859	30
3589	1.981582986	32
3590	1.982135113	17
3591	1.982687239	28
3592	1.983239366	16
3593	1.983791493	24
3594	1.98434362	21
3595	1.984895746	23
3596	1.985447873	15
3597	1.986		18
3598	1.986552127	24
3599	1.987104254	27
3600	1.98765638	13
3601	1.988208507	29
3602	1.988760634	20
3603	1.989312761	26
3604	1.989864887	21
3605	1.990417014	19
3606	1.990969141	19
3607	1.991521268	21
3608	1.992073394	18
3609	1.992625521	21
3610	1.993177648	14
3611	1.993729775	26
3612	1.994281902	22
3613	1.994834028	22
3614	1.995386155	25
3615	1.995938282	18
3616	1.996490409	22
3617	1.997042535	27
3618	1.997594662	18
3619	1.998146789	21
3620	1.998698916	18
3621	1.999251043	21
3622	1.999803169	23
3623	2.000355296	20
3624	2.000907423	23
3625	2.00145955	21
3626	2.002011676	19
3627	2.002563803	25
3628	2.00311593	22
3629	2.003668057	29
3630	2.004220183	27
3631	2.00477231	26
3632	2.005324437	22
3633	2.005876564	19
3634	2.006428691	27
3635	2.006980817	19
3636	2.007532944	24
3637	2.008085071	27
3638	2.008637198	23
3639	2.009189324	20
3640	2.009741451	19
3641	2.010293578	29
3642	2.010845705	22
3643	2.011397832	20
3644	2.011949958	22
3645	2.012502085	26
3646	2.013054212	26
3647	2.013606339	17
3648	2.014158465	19
3649	2.014710592	23
3650	2.015262719	22
3651	2.015814846	14
3652	2.016366972	29
3653	2.016919099	26
3654	2.017471226	24
3655	2.018023353	28
3656	2.01857548	23
3657	2.019127606	17
3658	2.019679733	25
3659	2.02023186	28
3660	2.020783987	25
3661	2.021336113	23
3662	2.02188824	17
3663	2.022440367	21
3664	2.022992494	15
3665	2.023544621	23
3666	2.024096747	24
3667	2.024648874	27
3668	2.025201001	22
3669	2.025753128	23
3670	2.026305254	25
3671	2.026857381	26
3672	2.027409508	22
3673	2.027961635	24
3674	2.028513761	31
3675	2.029065888	30
3676	2.029618015	25
3677	2.030170142	19
3678	2.030722269	30
3679	2.031274395	29
3680	2.031826522	25
3681	2.032378649	28
3682	2.032930776	25
3683	2.033482902	19
3684	2.034035029	27
3685	2.034587156	22
3686	2.035139283	26
3687	2.03569141	18
3688	2.036243536	26
3689	2.036795663	24
3690	2.03734779	21
3691	2.037899917	28
3692	2.038452043	25
3693	2.03900417	20
3694	2.039556297	31
3695	2.040108424	28
3696	2.04066055	21
3697	2.041212677	19
3698	2.041764804	26
3699	2.042316931	25
3700	2.042869058	22
3701	2.043421184	29
3702	2.043973311	17
3703	2.044525438	31
3704	2.045077565	39
3705	2.045629691	28
3706	2.046181818	24
3707	2.046733945	29
3708	2.047286072	21
3709	2.047838198	24
3710	2.048390325	19
3711	2.048942452	24
3712	2.049494579	25
3713	2.050046706	24
3714	2.050598832	20
3715	2.051150959	22
3716	2.051703086	29
3717	2.052255213	17
3718	2.052807339	25
3719	2.053359466	22
3720	2.053911593	24
3721	2.05446372	17
3722	2.055015847	34
3723	2.055567973	19
3724	2.0561201	24
3725	2.056672227	24
3726	2.057224354	28
3727	2.05777648	24
3728	2.058328607	21
3729	2.058880734	19
3730	2.059432861	25
3731	2.059984987	26
3732	2.060537114	23
3733	2.061089241	25
3734	2.061641368	27
3735	2.062193495	26
3736	2.062745621	20
3737	2.063297748	23
3738	2.063849875	22
3739	2.064402002	16
3740	2.064954128	30
3741	2.065506255	23
3742	2.066058382	20
3743	2.066610509	22
3744	2.067162636	19
3745	2.067714762	18
3746	2.068266889	23
3747	2.068819016	22
3748	2.069371143	24
3749	2.069923269	25
3750	2.070475396	25
3751	2.071027523	27
3752	2.07157965	43
3753	2.072131776	27
3754	2.072683903	24
3755	2.07323603	21
3756	2.073788157	25
3757	2.074340284	27
3758	2.07489241	22
3759	2.075444537	26
3760	2.075996664	20
3761	2.076548791	27
3762	2.077100917	14
3763	2.077653044	21
3764	2.078205171	25
3765	2.078757298	21
3766	2.079309425	21
3767	2.079861551	28
3768	2.080413678	24
3769	2.080965805	14
3770	2.081517932	24
3771	2.082070058	36
3772	2.082622185	23
3773	2.083174312	26
3774	2.083726439	31
3775	2.084278565	28
3776	2.084830692	32
3777	2.085382819	25
3778	2.085934946	25
3779	2.086487073	27
3780	2.087039199	27
3781	2.087591326	26
3782	2.088143453	21
3783	2.08869558	22
3784	2.089247706	35
3785	2.089799833	33
3786	2.09035196	21
3787	2.090904087	27
3788	2.091456214	37
3789	2.09200834	24
3790	2.092560467	27
3791	2.093112594	24
3792	2.093664721	25
3793	2.094216847	28
3794	2.094768974	24
3795	2.095321101	24
3796	2.095873228	22
3797	2.096425354	26
3798	2.096977481	22
3799	2.097529608	29
3800	2.098081735	27
3801	2.098633862	29
3802	2.099185988	26
3803	2.099738115	22
3804	2.100290242	25
3805	2.100842369	30
3806	2.101394495	17
3807	2.101946622	19
3808	2.102498749	25
3809	2.103050876	17
3810	2.103603003	24
3811	2.104155129	17
3812	2.104707256	18
3813	2.105259383	11
3814	2.10581151	24
3815	2.106363636	27
3816	2.106915763	19
3817	2.10746789	21
3818	2.108020017	23
3819	2.108572143	26
3820	2.10912427	15
3821	2.109676397	23
3822	2.110228524	19
3823	2.110780651	23
3824	2.111332777	27
3825	2.111884904	19
3826	2.112437031	18
3827	2.112989158	31
3828	2.113541284	26
3829	2.114093411	21
3830	2.114645538	20
3831	2.115197665	22
3832	2.115749791	20
3833	2.116301918	29
3834	2.116854045	24
3835	2.117406172	20
3836	2.117958299	19
3837	2.118510425	21
3838	2.119062552	24
3839	2.119614679	20
3840	2.120166806	14
3841	2.120718932	26
3842	2.121271059	24
3843	2.121823186	22
3844	2.122375313	15
3845	2.12292744	23
3846	2.123479566	33
3847	2.124031693	29
3848	2.12458382	27
3849	2.125135947	19
3850	2.125688073	29
3851	2.1262402	27
3852	2.126792327	23
3853	2.127344454	15
3854	2.12789658	14
3855	2.128448707	25
3856	2.129000834	13
3857	2.129552961	22
3858	2.130105088	25
3859	2.130657214	18
3860	2.131209341	23
3861	2.131761468	17
3862	2.132313595	23
3863	2.132865721	19
3864	2.133417848	25
3865	2.133969975	11
3866	2.134522102	18
3867	2.135074229	30
3868	2.135626355	18
3869	2.136178482	20
3870	2.136730609	24
3871	2.137282736	28
3872	2.137834862	26
3873	2.138386989	17
3874	2.138939116	23
3875	2.139491243	20
3876	2.140043369	19
3877	2.140595496	21
3878	2.141147623	13
3879	2.14169975	17
3880	2.142251877	26
3881	2.142804003	20
3882	2.14335613	23
3883	2.143908257	16
3884	2.144460384	15
3885	2.14501251	17
3886	2.145564637	22
3887	2.146116764	20
3888	2.146668891	14
3889	2.147221018	21
3890	2.147773144	17
3891	2.148325271	30
3892	2.148877398	17
3893	2.149429525	20
3894	2.149981651	20
3895	2.150533778	23
3896	2.151085905	20
3897	2.151638032	19
3898	2.152190158	24
3899	2.152742285	25
3900	2.153294412	22
3901	2.153846539	20
3902	2.154398666	17
3903	2.154950792	23
3904	2.155502919	14
3905	2.156055046	18
3906	2.156607173	20
3907	2.157159299	17
3908	2.157711426	16
3909	2.158263553	19
3910	2.15881568	13
3911	2.159367807	16
3912	2.159919933	12
3913	2.16047206	20
3914	2.161024187	21
3915	2.161576314	18
3916	2.16212844	22
3917	2.162680567	19
3918	2.163232694	16
3919	2.163784821	27
3920	2.164336947	22
3921	2.164889074	17
3922	2.165441201	14
3923	2.165993328	21
3924	2.166545455	17
3925	2.167097581	14
3926	2.167649708	17
3927	2.168201835	17
3928	2.168753962	11
3929	2.169306088	24
3930	2.169858215	22
3931	2.170410342	15
3932	2.170962469	18
3933	2.171514595	21
3934	2.172066722	17
3935	2.172618849	22
3936	2.173170976	13
3937	2.173723103	14
3938	2.174275229	26
3939	2.174827356	14
3940	2.175379483	19
3941	2.17593161	18
3942	2.176483736	18
3943	2.177035863	19
3944	2.17758799	17
3945	2.178140117	19
3946	2.178692244	17
3947	2.17924437	23
3948	2.179796497	20
3949	2.180348624	19
3950	2.180900751	17
3951	2.181452877	16
3952	2.182005004	22
3953	2.182557131	16
3954	2.183109258	15
3955	2.183661384	19
3956	2.184213511	22
3957	2.184765638	15
3958	2.185317765	11
3959	2.185869892	20
3960	2.186422018	14
3961	2.186974145	19
3962	2.187526272	11
3963	2.188078399	12
3964	2.188630525	13
3965	2.189182652	26
3966	2.189734779	17
3967	2.190286906	27
3968	2.190839033	19
3969	2.191391159	21
3970	2.191943286	20
3971	2.192495413	19
3972	2.19304754	17
3973	2.193599666	15
3974	2.194151793	21
3975	2.19470392	16
3976	2.195256047	17
3977	2.195808173	20
3978	2.1963603	17
3979	2.196912427	23
3980	2.197464554	22
3981	2.198016681	25
3982	2.198568807	13
3983	2.199120934	16
3984	2.199673061	20
3985	2.200225188	19
3986	2.200777314	15
3987	2.201329441	11
3988	2.201881568	21
3989	2.202433695	16
3990	2.202985822	15
3991	2.203537948	25
3992	2.204090075	24
3993	2.204642202	14
3994	2.205194329	16
3995	2.205746455	20
3996	2.206298582	13
3997	2.206850709	12
3998	2.207402836	18
3999	2.207954962	21
4000	2.208507089	21
4001	2.209059216	19
4002	2.209611343	17
4003	2.21016347	10
4004	2.210715596	12
4005	2.211267723	15
4006	2.21181985	16
4007	2.212371977	20
4008	2.212924103	16
4009	2.21347623	16
4010	2.214028357	18
4011	2.214580484	17
4012	2.215132611	12
4013	2.215684737	19
4014	2.216236864	13
4015	2.216788991	24
4016	2.217341118	17
4017	2.217893244	12
4018	2.218445371	15
4019	2.218997498	13
4020	2.219549625	16
4021	2.220101751	14
4022	2.220653878	16
4023	2.221206005	22
4024	2.221758132	12
4025	2.222310259	5
4026	2.222862385	10
4027	2.223414512	15
4028	2.223966639	10
4029	2.224518766	17
4030	2.225070892	15
4031	2.225623019	30
4032	2.226175146	14
4033	2.226727273	15
4034	2.227279399	19
4035	2.227831526	21
4036	2.228383653	11
4037	2.22893578	16
4038	2.229487907	21
4039	2.230040033	12
4040	2.23059216	19
4041	2.231144287	11
4042	2.231696414	16
4043	2.23224854	12
4044	2.232800667	15
4045	2.233352794	12
4046	2.233904921	19
4047	2.234457048	16
4048	2.235009174	12
4049	2.235561301	15
4050	2.236113428	13
4051	2.236665555	15
4052	2.237217681	19
4053	2.237769808	16
4054	2.238321935	17
4055	2.238874062	20
4056	2.239426188	13
4057	2.239978315	10
4058	2.240530442	17
4059	2.241082569	17
4060	2.241634696	12
4061	2.242186822	14
4062	2.242738949	10
4063	2.243291076	18
4064	2.243843203	11
4065	2.244395329	16
4066	2.244947456	21
4067	2.245499583	22
4068	2.24605171	12
4069	2.246603837	14
4070	2.247155963	16
4071	2.24770809	16
4072	2.248260217	15
4073	2.248812344	11
4074	2.24936447	16
4075	2.249916597	12
4076	2.250468724	14
4077	2.251020851	12
4078	2.251572977	13
4079	2.252125104	22
4080	2.252677231	13
4081	2.253229358	18
4082	2.253781485	14
4083	2.254333611	17
4084	2.254885738	9
4085	2.255437865	16
4086	2.255989992	18
4087	2.256542118	10
4088	2.257094245	14
4089	2.257646372	19
4090	2.258198499	18
4091	2.258750626	16
4092	2.259302752	19
4093	2.259854879	10
4094	2.260407006	10
4095	2.260959133	10
