0	0	0
1	8.51E-04	0
2	0.001701799486	1
3	0.002552699229	0
4	0.003403598972	1
5	0.004254498715	2
6	0.005105398458	3
7	0.005956298201	4
8	0.006807197943	6
9	0.007658097686	7
10	0.008508997429	7
11	0.009359897172	14
12	0.01021079692	11
13	0.01106169666	20
14	0.0119125964	19
15	0.01276349614	19
16	0.01361439589	36
17	0.01446529563	144
18	0.01531619537	735
19	0.01616709512	2127
20	0.01701799486	1987
21	0.0178688946	1726
22	0.01871979434	1734
23	0.01957069409	1325
24	0.02042159383	1526
25	0.02127249357	2034
26	0.02212339332	3198
27	0.02297429306	8629
28	0.0238251928	17393
29	0.02467609254	33675
30	0.02552699229	68697
31	0.02637789203	71456
32	0.02722879177	58661
33	0.02807969152	61365
34	0.02893059126	69852
35	0.029781491	3852750
36	0.03063239075	4189941
37	0.03148329049	1032266
38	0.03233419023	29020
39	0.03318508997	21042
40	0.03403598972	21419
41	0.03488688946	22187
42	0.0357377892	22621
43	0.03658868895	22995
44	0.03743958869	23305
45	0.03829048843	24306
46	0.03914138817	24516
47	0.03999228792	26180
48	0.04084318766	26248
49	0.0416940874	25486
50	0.04254498715	25057
51	0.04339588689	24409
52	0.04424678663	23967
53	0.04509768638	23666
54	0.04594858612	23029
55	0.04679948586	22714
56	0.0476503856	22278
57	0.04850128535	22265
58	0.04935218509	21947
59	0.05020308483	21596
60	0.05105398458	21154
61	0.05190488432	21461
62	0.05275578406	21462
63	0.0536066838	20424
64	0.05445758355	21696
65	0.05530848329	21997
66	0.05615938303	22336
67	0.05701028278	22485
68	0.05786118252	22569
69	0.05871208226	23054
70	0.05956298201	23751
71	0.06041388175	23569
72	0.06126478149	24099
73	0.06211568123	24623
74	0.06296658098	24694
75	0.06381748072	24700
76	0.06466838046	24562
77	0.06551928021	24585
78	0.06637017995	25045
79	0.06722107969	25629
80	0.06807197943	25472
81	0.06892287918	25470
82	0.06977377892	25522
83	0.07062467866	25158
84	0.07147557841	25238
85	0.07232647815	25624
86	0.07317737789	25625
87	0.07402827763	26046
88	0.07487917738	25679
89	0.07573007712	25891
90	0.07658097686	25733
91	0.07743187661	26270
92	0.07828277635	25975
93	0.07913367609	26004
94	0.07998457584	25638
95	0.08083547558	25352
96	0.08168637532	25423
97	0.08253727506	25933
98	0.08338817481	25594
99	0.08423907455	25897
100	0.08508997429	25895
101	0.08594087404	25333
102	0.08679177378	25687
103	0.08764267352	25608
104	0.08849357326	25556
105	0.08934447301	25677
106	0.09019537275	25326
107	0.09104627249	25598
108	0.09189717224	25483
109	0.09274807198	25396
110	0.09359897172	25586
111	0.09444987147	25612
112	0.09530077121	25377
113	0.09615167095	25734
114	0.09700257069	25316
115	0.09785347044	25501
116	0.09870437018	25115
117	0.09955526992	25891
118	0.1004061697	25591
119	0.1012570694	25745
120	0.1021079692	25589
121	0.1029588689	25723
122	0.1038097686	26025
123	0.1046606684	26126
124	0.1055115681	25813
125	0.1063624679	26018
126	0.1072133676	26189
127	0.1080642674	24810
128	0.1089151671	26281
129	0.1097660668	25962
130	0.1106169666	26052
131	0.1114678663	25951
132	0.1123187661	26269
133	0.1131696658	25739
134	0.1140205656	26150
135	0.1148714653	25902
136	0.115722365	25686
137	0.1165732648	25521
138	0.1174241645	25664
139	0.1182750643	25495
140	0.119125964	25405
141	0.1199768638	25356
142	0.1208277635	25231
143	0.1216786632	25191
144	0.122529563	24879
145	0.1233804627	24794
146	0.1242313625	24708
147	0.1250822622	24512
148	0.125933162	24395
149	0.1267840617	24519
150	0.1276349614	23965
151	0.1284858612	24056
152	0.1293367609	23920
153	0.1301876607	23774
154	0.1310385604	23432
155	0.1318894602	23287
156	0.1327403599	23169
157	0.1335912596	23298
158	0.1344421594	23233
159	0.1352930591	22233
160	0.1361439589	22801
161	0.1369948586	22912
162	0.1378457584	22541
163	0.1386966581	22124
164	0.1395475578	22042
165	0.1403984576	22393
166	0.1412493573	21968
167	0.1421002571	21917
168	0.1429511568	21674
169	0.1438020566	21510
170	0.1446529563	21262
171	0.145503856	21280
172	0.1463547558	21187
173	0.1472056555	21261
174	0.1480565553	20772
175	0.148907455	20677
176	0.1497583548	20522
177	0.1506092545	20477
178	0.1514601542	20241
179	0.152311054	20156
180	0.1531619537	19960
181	0.1540128535	20115
182	0.1548637532	19653
183	0.155714653	19696
184	0.1565655527	19359
185	0.1574164524	19376
186	0.1582673522	19334
187	0.1591182519	19313
188	0.1599691517	18726
189	0.1608200514	19056
190	0.1616709512	18713
191	0.1625218509	18290
192	0.1633727506	18405
193	0.1642236504	18485
194	0.1650745501	18176
195	0.1659254499	18128
196	0.1667763496	18050
197	0.1676272494	18044
198	0.1684781491	17882
199	0.1693290488	17951
200	0.1701799486	17782
201	0.1710308483	17811
202	0.1718817481	17461
203	0.1727326478	17509
204	0.1735835476	17495
205	0.1744344473	17337
206	0.175285347	17152
207	0.1761362468	16745
208	0.1769871465	16874
209	0.1778380463	16816
210	0.178688946	16703
211	0.1795398458	16799
212	0.1803907455	16252
213	0.1812416452	16439
214	0.182092545	16489
215	0.1829434447	16191
216	0.1837943445	15981
217	0.1846452442	15827
218	0.185496144	16016
219	0.1863470437	15927
220	0.1871979434	15674
221	0.1880488432	15701
222	0.1888997429	15523
223	0.1897506427	14902
224	0.1906015424	15205
225	0.1914524422	15414
226	0.1923033419	15137
227	0.1931542416	15167
228	0.1940051414	14878
229	0.1948560411	14967
230	0.1957069409	14631
231	0.1965578406	14746
232	0.1974087404	14682
233	0.1982596401	14715
234	0.1991105398	14453
235	0.1999614396	14196
236	0.2008123393	14026
237	0.2016632391	14262
238	0.2025141388	13727
239	0.2033650386	13889
240	0.2042159383	13843
241	0.205066838	13849
242	0.2059177378	13765
243	0.2067686375	13787
244	0.2076195373	13424
245	0.208470437	13479
246	0.2093213368	13427
247	0.2101722365	13582
248	0.2110231362	13072
249	0.211874036	13383
250	0.2127249357	13058
251	0.2135758355	13081
252	0.2144267352	12994
253	0.215277635	12923
254	0.2161285347	12850
255	0.2169794344	12193
256	0.2178303342	13091
257	0.2186812339	12885
258	0.2195321337	12561
259	0.2203830334	12592
260	0.2212339332	12789
261	0.2220848329	12444
262	0.2229357326	12323
263	0.2237866324	12334
264	0.2246375321	12324
265	0.2254884319	12194
266	0.2263393316	12221
267	0.2271902314	12218
268	0.2280411311	12246
269	0.2288920308	12364
270	0.2297429306	12014
271	0.2305938303	12035
272	0.2314447301	12042
273	0.2322956298	11683
274	0.2331465296	11673
275	0.2339974293	11548
276	0.234848329	11677
277	0.2356992288	11654
278	0.2365501285	11443
279	0.2374010283	11611
280	0.238251928	11161
281	0.2391028278	11298
282	0.2399537275	11005
283	0.2408046272	10958
284	0.241655527	10851
285	0.2425064267	10902
286	0.2433573265	10481
287	0.2442082262	10212
288	0.245059126	10532
289	0.2459100257	10393
290	0.2467609254	10149
291	0.2476118252	10327
292	0.2484627249	10117
293	0.2493136247	10045
294	0.2501645244	10041
295	0.2510154242	9652
296	0.2518663239	9714
297	0.2527172237	9582
298	0.2535681234	9506
299	0.2544190231	9479
300	0.2552699229	9390
301	0.2561208226	9281
302	0.2569717224	9080
303	0.2578226221	8994
304	0.2586735219	9093
305	0.2595244216	9069
306	0.2603753213	8846
307	0.2612262211	9018
308	0.2620771208	8821
309	0.2629280206	8737
310	0.2637789203	8927
311	0.2646298201	8627
312	0.2654807198	8593
313	0.2663316195	8533
314	0.2671825193	8482
315	0.268033419	8399
316	0.2688843188	8199
317	0.2697352185	8525
318	0.2705861183	8323
319	0.271437018	7909
320	0.2722879177	8149
321	0.2731388175	8048
322	0.2739897172	8174
323	0.274840617	7985
324	0.2756915167	8187
325	0.2765424165	7915
326	0.2773933162	7947
327	0.2782442159	7859
328	0.2790951157	8016
329	0.2799460154	7998
330	0.2807969152	7653
331	0.2816478149	7873
332	0.2824987147	7664
333	0.2833496144	7705
334	0.2842005141	7542
335	0.2850514139	7581
336	0.2859023136	7582
337	0.2867532134	7486
338	0.2876041131	7477
339	0.2884550129	7567
340	0.2893059126	7426
341	0.2901568123	7392
342	0.2910077121	7364
343	0.2918586118	7388
344	0.2927095116	7140
345	0.2935604113	7214
346	0.2944113111	6973
347	0.2952622108	7068
348	0.2961131105	7020
349	0.2969640103	7050
350	0.29781491	7139
351	0.2986658098	6624
352	0.2995167095	6756
353	0.3003676093	6795
354	0.301218509	6809
355	0.3020694087	6711
356	0.3029203085	6785
357	0.3037712082	6652
358	0.304622108	6729
359	0.3054730077	6561
360	0.3063239075	6606
361	0.3071748072	6423
362	0.3080257069	6588
363	0.3088766067	6419
364	0.3097275064	6378
365	0.3105784062	6402
366	0.3114293059	6404
367	0.3122802057	6293
368	0.3131311054	6171
369	0.3139820051	6135
370	0.3148329049	6298
371	0.3156838046	6102
372	0.3165347044	6046
373	0.3173856041	6100
374	0.3182365039	6007
375	0.3190874036	5877
376	0.3199383033	5951
377	0.3207892031	5995
378	0.3216401028	5807
379	0.3224910026	5965
380	0.3233419023	5747
381	0.3241928021	5834
382	0.3250437018	5928
383	0.3258946015	5691
384	0.3267455013	5754
385	0.327596401	5843
386	0.3284473008	5797
387	0.3292982005	5816
388	0.3301491003	5899
389	0.331	5768
390	0.3318508997	5668
391	0.3327017995	5532
392	0.3335526992	5633
393	0.334403599	5639
394	0.3352544987	5682
395	0.3361053985	5666
396	0.3369562982	5449
397	0.3378071979	5524
398	0.3386580977	5567
399	0.3395089974	5591
400	0.3403598972	5528
401	0.3412107969	5631
402	0.3420616967	5558
403	0.3429125964	5383
404	0.3437634961	5575
405	0.3446143959	5466
406	0.3454652956	5443
407	0.3463161954	5552
408	0.3471670951	5236
409	0.3480179949	5423
410	0.3488688946	5465
411	0.3497197943	5304
412	0.3505706941	5327
413	0.3514215938	5307
414	0.3522724936	5260
415	0.3531233933	5210
416	0.3539742931	5116
417	0.3548251928	5122
418	0.3556760925	5097
419	0.3565269923	5166
420	0.357377892	4990
421	0.3582287918	5026
422	0.3590796915	4992
423	0.3599305913	5071
424	0.360781491	4853
425	0.3616323907	5018
426	0.3624832905	4685
427	0.3633341902	4824
428	0.36418509	4878
429	0.3650359897	4657
430	0.3658868895	4713
431	0.3667377892	4615
432	0.3675886889	4656
433	0.3684395887	4654
434	0.3692904884	4631
435	0.3701413882	4608
436	0.3709922879	4422
437	0.3718431877	4444
438	0.3726940874	4488
439	0.3735449871	4388
440	0.3743958869	4310
441	0.3752467866	4336
442	0.3760976864	4250
443	0.3769485861	4245
444	0.3777994859	4236
445	0.3786503856	4122
446	0.3795012853	4322
447	0.3803521851	4143
448	0.3812030848	4031
449	0.3820539846	4101
450	0.3829048843	4155
451	0.3837557841	4132
452	0.3846066838	4195
453	0.3854575835	4181
454	0.3863084833	4007
455	0.387159383	3966
456	0.3880102828	3981
457	0.3888611825	4049
458	0.3897120823	3929
459	0.390562982	3948
460	0.3914138817	3972
461	0.3922647815	4024
462	0.3931156812	3846
463	0.393966581	3885
464	0.3948174807	3853
465	0.3956683805	3754
466	0.3965192802	3821
467	0.3973701799	3837
468	0.3982210797	3691
469	0.3990719794	3853
470	0.3999228792	3786
471	0.4007737789	3763
472	0.4016246787	3669
473	0.4024755784	3844
474	0.4033264781	3630
475	0.4041773779	3693
476	0.4050282776	3639
477	0.4058791774	3733
478	0.4067300771	3656
479	0.4075809769	3602
480	0.4084318766	3572
481	0.4092827763	3709
482	0.4101336761	3683
483	0.4109845758	3577
484	0.4118354756	3569
485	0.4126863753	3572
486	0.4135372751	3488
487	0.4143881748	3602
488	0.4152390746	3413
489	0.4160899743	3612
490	0.416940874	3446
491	0.4177917738	3579
492	0.4186426735	3526
493	0.4194935733	3474
494	0.420344473	3451
495	0.4211953728	3496
496	0.4220462725	3334
497	0.4228971722	3490
498	0.423748072	3363
499	0.4245989717	3472
500	0.4254498715	3287
501	0.4263007712	3484
502	0.427151671	3418
503	0.4280025707	3261
504	0.4288534704	3313
505	0.4297043702	3421
506	0.4305552699	3277
507	0.4314061697	3383
508	0.4322570694	3279
509	0.4331079692	3224
510	0.4339588689	3359
511	0.4348097686	3129
512	0.4356606684	3220
513	0.4365115681	3140
514	0.4373624679	3276
515	0.4382133676	3217
516	0.4390642674	3151
517	0.4399151671	3232
518	0.4407660668	3203
519	0.4416169666	3135
520	0.4424678663	3184
521	0.4433187661	3255
522	0.4441696658	3172
523	0.4450205656	3146
524	0.4458714653	3127
525	0.446722365	3089
526	0.4475732648	3129
527	0.4484241645	3173
528	0.4492750643	3130
529	0.450125964	3059
530	0.4509768638	3098
531	0.4518277635	3206
532	0.4526786632	2971
533	0.453529563	3031
534	0.4543804627	3029
535	0.4552313625	3067
536	0.4560822622	3105
537	0.456933162	3022
538	0.4577840617	2973
539	0.4586349614	2996
540	0.4594858612	2995
541	0.4603367609	2905
542	0.4611876607	2879
543	0.4620385604	2863
544	0.4628894602	3007
545	0.4637403599	2946
546	0.4645912596	2935
547	0.4654421594	2958
548	0.4662930591	3044
549	0.4671439589	2889
550	0.4679948586	2879
551	0.4688457584	2799
552	0.4696966581	2805
553	0.4705475578	2849
554	0.4713984576	2822
555	0.4722493573	2843
556	0.4731002571	2825
557	0.4739511568	2877
558	0.4748020566	2824
559	0.4756529563	2826
560	0.476503856	2839
561	0.4773547558	2844
562	0.4782056555	2802
563	0.4790565553	2819
564	0.479907455	2740
565	0.4807583548	2787
566	0.4816092545	2729
567	0.4824601542	2801
568	0.483311054	2756
569	0.4841619537	2830
570	0.4850128535	2801
571	0.4858637532	2768
572	0.486714653	2730
573	0.4875655527	2864
574	0.4884164524	2773
575	0.4892673522	2657
576	0.4901182519	2774
577	0.4909691517	2729
578	0.4918200514	2763
579	0.4926709512	2686
580	0.4935218509	2735
581	0.4943727506	2830
582	0.4952236504	2729
583	0.4960745501	2661
584	0.4969254499	2722
585	0.4977763496	2791
586	0.4986272494	2795
587	0.4994781491	2831
588	0.5003290488	2772
589	0.5011799486	2683
590	0.5020308483	2743
591	0.5028817481	2773
592	0.5037326478	2776
593	0.5045835476	2810
594	0.5054344473	2763
595	0.506285347	2783
596	0.5071362468	2790
597	0.5079871465	2725
598	0.5088380463	2748
599	0.509688946	2764
600	0.5105398458	2763
601	0.5113907455	2731
602	0.5122416452	2776
603	0.513092545	2693
604	0.5139434447	2709
605	0.5147943445	2822
606	0.5156452442	2659
607	0.516496144	2665
608	0.5173470437	2652
609	0.5181979434	2600
610	0.5190488432	2585
611	0.5198997429	2628
612	0.5207506427	2735
613	0.5216015424	2619
614	0.5224524422	2605
615	0.5233033419	2638
616	0.5241542416	2629
617	0.5250051414	2583
618	0.5258560411	2600
619	0.5267069409	2570
620	0.5275578406	2488
621	0.5284087404	2574
622	0.5292596401	2440
623	0.5301105398	2469
624	0.5309614396	2537
625	0.5318123393	2462
626	0.5326632391	2475
627	0.5335141388	2451
628	0.5343650386	2392
629	0.5352159383	2325
630	0.536066838	2381
631	0.5369177378	2410
632	0.5377686375	2352
633	0.5386195373	2375
634	0.539470437	2424
635	0.5403213368	2359
636	0.5411722365	2342
637	0.5420231362	2269
638	0.542874036	2325
639	0.5437249357	2175
640	0.5445758355	2239
641	0.5454267352	2291
642	0.546277635	2320
643	0.5471285347	2244
644	0.5479794344	2193
645	0.5488303342	2262
646	0.5496812339	2233
647	0.5505321337	2269
648	0.5513830334	2272
649	0.5522339332	2162
650	0.5530848329	2149
651	0.5539357326	2154
652	0.5547866324	2214
653	0.5556375321	2205
654	0.5564884319	2216
655	0.5573393316	2115
656	0.5581902314	2179
657	0.5590411311	2193
658	0.5598920308	2224
659	0.5607429306	2082
660	0.5615938303	2171
661	0.5624447301	2143
662	0.5632956298	2062
663	0.5641465296	2076
664	0.5649974293	2099
665	0.565848329	2128
666	0.5666992288	2137
667	0.5675501285	2037
668	0.5684010283	2215
669	0.569251928	2123
670	0.5701028278	2105
671	0.5709537275	2087
672	0.5718046272	2137
673	0.572655527	2140
674	0.5735064267	2166
675	0.5743573265	2082
676	0.5752082262	2105
677	0.576059126	2203
678	0.5769100257	2088
679	0.5777609254	2068
680	0.5786118252	2141
681	0.5794627249	2169
682	0.5803136247	2037
683	0.5811645244	2110
684	0.5820154242	2099
685	0.5828663239	2126
686	0.5837172237	2060
687	0.5845681234	2212
688	0.5854190231	2124
689	0.5862699229	2178
690	0.5871208226	2200
691	0.5879717224	2131
692	0.5888226221	2156
693	0.5896735219	2106
694	0.5905244216	2131
695	0.5913753213	2123
696	0.5922262211	2192
697	0.5930771208	2067
698	0.5939280206	2144
699	0.5947789203	2140
700	0.5956298201	2146
701	0.5964807198	2130
702	0.5973316195	2183
703	0.5981825193	2081
704	0.599033419	2141
705	0.5998843188	2108
706	0.6007352185	2045
707	0.6015861183	2124
708	0.602437018	2141
709	0.6032879177	2085
710	0.6041388175	2116
711	0.6049897172	2109
712	0.605840617	2165
713	0.6066915167	2024
714	0.6075424165	2053
715	0.6083933162	2113
716	0.6092442159	2081
717	0.6100951157	2103
718	0.6109460154	1987
719	0.6117969152	2069
720	0.6126478149	2010
721	0.6134987147	2069
722	0.6143496144	2097
723	0.6152005141	2118
724	0.6160514139	2021
725	0.6169023136	2148
726	0.6177532134	2083
727	0.6186041131	2102
728	0.6194550129	2008
729	0.6203059126	1980
730	0.6211568123	1981
731	0.6220077121	2032
732	0.6228586118	2040
733	0.6237095116	1992
734	0.6245604113	2016
735	0.6254113111	2040
736	0.6262622108	1956
737	0.6271131105	2003
738	0.6279640103	2016
739	0.62881491	1989
740	0.6296658098	1971
741	0.6305167095	2009
742	0.6313676093	1943
743	0.632218509	1926
744	0.6330694087	1989
745	0.6339203085	1941
746	0.6347712082	2002
747	0.635622108	1877
748	0.6364730077	1865
749	0.6373239075	1899
750	0.6381748072	1938
751	0.6390257069	1965
752	0.6398766067	1927
753	0.6407275064	1910
754	0.6415784062	1882
755	0.6424293059	1901
756	0.6432802057	1882
757	0.6441311054	1876
758	0.6449820051	1864
759	0.6458329049	1945
760	0.6466838046	1918
761	0.6475347044	1901
762	0.6483856041	1910
763	0.6492365039	1931
764	0.6500874036	1920
765	0.6509383033	1894
766	0.6517892031	1930
767	0.6526401028	1819
768	0.6534910026	1827
769	0.6543419023	1931
770	0.6551928021	1876
771	0.6560437018	1885
772	0.6568946015	1852
773	0.6577455013	1893
774	0.658596401	1843
775	0.6594473008	1879
776	0.6602982005	1893
777	0.6611491003	1872
778	0.662	1870
779	0.6628508997	1854
780	0.6637017995	1893
781	0.6645526992	1777
782	0.665403599	1905
783	0.6662544987	1836
784	0.6671053985	1907
785	0.6679562982	1840
786	0.6688071979	1870
787	0.6696580977	1907
788	0.6705089974	1798
789	0.6713598972	1878
790	0.6722107969	1818
791	0.6730616967	1796
792	0.6739125964	1737
793	0.6747634961	1817
794	0.6756143959	1809
795	0.6764652956	1803
796	0.6773161954	1800
797	0.6781670951	1718
798	0.6790179949	1761
799	0.6798688946	1665
800	0.6807197943	1687
801	0.6815706941	1754
802	0.6824215938	1714
803	0.6832724936	1654
804	0.6841233933	1698
805	0.6849742931	1694
806	0.6858251928	1660
807	0.6866760925	1624
808	0.6875269923	1620
809	0.688377892	1622
810	0.6892287918	1594
811	0.6900796915	1633
812	0.6909305913	1559
813	0.691781491	1617
814	0.6926323907	1458
815	0.6934832905	1559
816	0.6943341902	1458
817	0.69518509	1609
818	0.6960359897	1574
819	0.6968868895	1594
820	0.6977377892	1455
821	0.6985886889	1492
822	0.6994395887	1512
823	0.7002904884	1463
824	0.7011413882	1486
825	0.7019922879	1463
826	0.7028431877	1479
827	0.7036940874	1445
828	0.7045449871	1419
829	0.7053958869	1403
830	0.7062467866	1431
831	0.7070976864	1392
832	0.7079485861	1387
833	0.7087994859	1364
834	0.7096503856	1376
835	0.7105012853	1392
836	0.7113521851	1308
837	0.7122030848	1395
838	0.7130539846	1351
839	0.7139048843	1415
840	0.7147557841	1296
841	0.7156066838	1345
842	0.7164575835	1317
843	0.7173084833	1303
844	0.718159383	1278
845	0.7190102828	1387
846	0.7198611825	1291
847	0.7207120823	1246
848	0.721562982	1290
849	0.7224138817	1320
850	0.7232647815	1324
851	0.7241156812	1339
852	0.724966581	1228
853	0.7258174807	1318
854	0.7266683805	1243
855	0.7275192802	1262
856	0.7283701799	1228
857	0.7292210797	1341
858	0.7300719794	1258
859	0.7309228792	1294
860	0.7317737789	1333
861	0.7326246787	1276
862	0.7334755784	1229
863	0.7343264781	1248
864	0.7351773779	1280
865	0.7360282776	1261
866	0.7368791774	1291
867	0.7377300771	1291
868	0.7385809769	1239
869	0.7394318766	1268
870	0.7402827763	1251
871	0.7411336761	1230
872	0.7419845758	1208
873	0.7428354756	1120
874	0.7436863753	1292
875	0.7445372751	1288
876	0.7453881748	1232
877	0.7462390746	1298
878	0.7470899743	1204
879	0.747940874	1217
880	0.7487917738	1216
881	0.7496426735	1147
882	0.7504935733	1289
883	0.751344473	1231
884	0.7521953728	1268
885	0.7530462725	1204
886	0.7538971722	1223
887	0.754748072	1200
888	0.7555989717	1237
889	0.7564498715	1274
890	0.7573007712	1249
891	0.758151671	1202
892	0.7590025707	1252
893	0.7598534704	1153
894	0.7607043702	1202
895	0.7615552699	1202
896	0.7624061697	1183
897	0.7632570694	1228
898	0.7641079692	1169
899	0.7649588689	1237
900	0.7658097686	1183
901	0.7666606684	1242
902	0.7675115681	1200
903	0.7683624679	1168
904	0.7692133676	1203
905	0.7700642674	1163
906	0.7709151671	1173
907	0.7717660668	1197
908	0.7726169666	1112
909	0.7734678663	1161
910	0.7743187661	1189
911	0.7751696658	1176
912	0.7760205656	1138
913	0.7768714653	1204
914	0.777722365	1126
915	0.7785732648	1183
916	0.7794241645	1226
917	0.7802750643	1153
918	0.781125964	1215
919	0.7819768638	1197
920	0.7828277635	1102
921	0.7836786632	1121
922	0.784529563	1190
923	0.7853804627	1184
924	0.7862313625	1196
925	0.7870822622	1193
926	0.787933162	1160
927	0.7887840617	1138
928	0.7896349614	1133
929	0.7904858612	1162
930	0.7913367609	1186
931	0.7921876607	1140
932	0.7930385604	1147
933	0.7938894602	1145
934	0.7947403599	1126
935	0.7955912596	1159
936	0.7964421594	1128
937	0.7972930591	1162
938	0.7981439589	1142
939	0.7989948586	1102
940	0.7998457584	1094
941	0.8006966581	1126
942	0.8015475578	1103
943	0.8023984576	1157
944	0.8032493573	1102
945	0.8041002571	1155
946	0.8049511568	1099
947	0.8058020566	1132
948	0.8066529563	1081
949	0.807503856	1169
950	0.8083547558	1094
951	0.8092056555	1116
952	0.8100565553	1102
953	0.810907455	1094
954	0.8117583548	1085
955	0.8126092545	1118
956	0.8134601542	1100
957	0.814311054	1134
958	0.8151619537	1152
959	0.8160128535	1046
960	0.8168637532	1123
961	0.817714653	1107
962	0.8185655527	1088
963	0.8194164524	1072
964	0.8202673522	1070
965	0.8211182519	1099
966	0.8219691517	1109
967	0.8228200514	1029
968	0.8236709512	1075
969	0.8245218509	1113
970	0.8253727506	1096
971	0.8262236504	1101
972	0.8270745501	1061
973	0.8279254499	1128
974	0.8287763496	1078
975	0.8296272494	1108
976	0.8304781491	1073
977	0.8313290488	1070
978	0.8321799486	1030
979	0.8330308483	1065
980	0.8338817481	1092
981	0.8347326478	1021
982	0.8355835476	1013
983	0.8364344473	1060
984	0.837285347	1053
985	0.8381362468	1087
986	0.8389871465	1030
987	0.8398380463	1040
988	0.840688946	1100
989	0.8415398458	1109
990	0.8423907455	1060
991	0.8432416452	1027
992	0.844092545	1031
993	0.8449434447	1040
994	0.8457943445	1056
995	0.8466452442	1048
996	0.847496144	1053
997	0.8483470437	1042
998	0.8491979434	1030
999	0.8500488432	1015
1000	0.8508997429	1090
1001	0.8517506427	1031
1002	0.8526015424	1024
1003	0.8534524422	1043
1004	0.8543033419	1039
1005	0.8551542416	1029
1006	0.8560051414	1054
1007	0.8568560411	1023
1008	0.8577069409	1039
1009	0.8585578406	1040
1010	0.8594087404	1075
1011	0.8602596401	1015
1012	0.8611105398	999
1013	0.8619614396	1034
1014	0.8628123393	1016
1015	0.8636632391	1054
1016	0.8645141388	1063
1017	0.8653650386	1051
1018	0.8662159383	1048
1019	0.867066838	1029
1020	0.8679177378	1045
1021	0.8687686375	1063
1022	0.8696195373	1040
1023	0.870470437	953
1024	0.8713213368	1014
1025	0.8721722365	983
1026	0.8730231362	999
1027	0.873874036	1003
1028	0.8747249357	1023
1029	0.8755758355	991
1030	0.8764267352	992
1031	0.877277635	1019
1032	0.8781285347	1051
1033	0.8789794344	980
1034	0.8798303342	959
1035	0.8806812339	1036
1036	0.8815321337	1003
1037	0.8823830334	996
1038	0.8832339332	1034
1039	0.8840848329	1067
1040	0.8849357326	1091
1041	0.8857866324	1043
1042	0.8866375321	1008
1043	0.8874884319	1020
1044	0.8883393316	994
1045	0.8891902314	968
1046	0.8900411311	1017
1047	0.8908920308	1007
1048	0.8917429306	1028
1049	0.8925938303	985
1050	0.8934447301	1000
1051	0.8942956298	1000
1052	0.8951465296	1029
1053	0.8959974293	1030
1054	0.896848329	1005
1055	0.8976992288	994
1056	0.8985501285	1087
1057	0.8994010283	1032
1058	0.900251928	1081
1059	0.9011028278	1073
1060	0.9019537275	1029
1061	0.9028046272	1031
1062	0.903655527	1083
1063	0.9045064267	1003
1064	0.9053573265	1020
1065	0.9062082262	1046
1066	0.907059126	1046
1067	0.9079100257	1026
1068	0.9087609254	987
1069	0.9096118252	996
1070	0.9104627249	980
1071	0.9113136247	1045
1072	0.9121645244	981
1073	0.9130154242	996
1074	0.9138663239	989
1075	0.9147172237	994
1076	0.9155681234	976
1077	0.9164190231	1096
1078	0.9172699229	951
1079	0.9181208226	1045
1080	0.9189717224	953
1081	0.9198226221	995
1082	0.9206735219	1035
1083	0.9215244216	978
1084	0.9223753213	983
1085	0.9232262211	938
1086	0.9240771208	1015
1087	0.9249280206	980
1088	0.9257789203	1027
1089	0.9266298201	979
1090	0.9274807198	993
1091	0.9283316195	998
1092	0.9291825193	955
1093	0.930033419	943
1094	0.9308843188	994
1095	0.9317352185	968
1096	0.9325861183	1004
1097	0.933437018	976
1098	0.9342879177	982
1099	0.9351388175	965
1100	0.9359897172	1015
1101	0.936840617	965
1102	0.9376915167	946
1103	0.9385424165	986
1104	0.9393933162	1015
1105	0.9402442159	944
1106	0.9410951157	956
1107	0.9419460154	930
1108	0.9427969152	943
1109	0.9436478149	950
1110	0.9444987147	973
1111	0.9453496144	993
1112	0.9462005141	927
1113	0.9470514139	933
1114	0.9479023136	890
1115	0.9487532134	902
1116	0.9496041131	965
1117	0.9504550129	953
1118	0.9513059126	987
1119	0.9521568123	936
1120	0.9530077121	936
1121	0.9538586118	914
1122	0.9547095116	964
1123	0.9555604113	952
1124	0.9564113111	918
1125	0.9572622108	886
1126	0.9581131105	867
1127	0.9589640103	942
1128	0.95981491	915
1129	0.9606658098	880
1130	0.9615167095	910
1131	0.9623676093	909
1132	0.963218509	906
1133	0.9640694087	976
1134	0.9649203085	922
1135	0.9657712082	895
1136	0.966622108	926
1137	0.9674730077	894
1138	0.9683239075	913
1139	0.9691748072	854
1140	0.9700257069	835
1141	0.9708766067	851
1142	0.9717275064	890
1143	0.9725784062	898
1144	0.9734293059	892
1145	0.9742802057	908
1146	0.9751311054	868
1147	0.9759820051	902
1148	0.9768329049	881
1149	0.9776838046	918
1150	0.9785347044	863
1151	0.9793856041	802
1152	0.9802365039	858
1153	0.9810874036	860
1154	0.9819383033	871
1155	0.9827892031	891
1156	0.9836401028	851
1157	0.9844910026	832
1158	0.9853419023	869
1159	0.9861928021	876
1160	0.9870437018	861
1161	0.9878946015	837
1162	0.9887455013	845
1163	0.989596401	860
1164	0.9904473008	826
1165	0.9912982005	823
1166	0.9921491003	828
1167	0.993	851
1168	0.9938508997	850
1169	0.9947017995	805
1170	0.9955526992	792
1171	0.996403599	861
1172	0.9972544987	773
1173	0.9981053985	875
1174	0.9989562982	833
1175	0.9998071979	862
1176	1.000658098	818
1177	1.001508997	811
1178	1.002359897	831
1179	1.003210797	785
1180	1.004061697	845
1181	1.004912596	780
1182	1.005763496	795
1183	1.006614396	762
1184	1.007465296	791
1185	1.008316195	789
1186	1.009167095	780
1187	1.010017995	740
1188	1.010868895	760
1189	1.011719794	820
1190	1.012570694	760
1191	1.013421594	749
1192	1.014272494	759
1193	1.015123393	786
1194	1.015974293	791
1195	1.016825193	756
1196	1.017676093	778
1197	1.018526992	728
1198	1.019377892	757
1199	1.020228792	723
1200	1.021079692	769
1201	1.021930591	756
1202	1.022781491	767
1203	1.023632391	748
1204	1.02448329	714
1205	1.02533419	692
1206	1.02618509	736
1207	1.02703599	761
1208	1.027886889	737
1209	1.028737789	728
1210	1.029588689	775
1211	1.030439589	745
1212	1.031290488	771
1213	1.032141388	728
1214	1.032992288	692
1215	1.033843188	731
1216	1.034694087	724
1217	1.035544987	744
1218	1.036395887	736
1219	1.037246787	711
1220	1.038097686	793
1221	1.038948586	745
1222	1.039799486	730
1223	1.040650386	728
1224	1.041501285	713
1225	1.042352185	712
1226	1.043203085	766
1227	1.044053985	748
1228	1.044904884	721
1229	1.045755784	749
1230	1.046606684	705
1231	1.047457584	729
1232	1.048308483	741
1233	1.049159383	722
1234	1.050010283	762
1235	1.050861183	748
1236	1.051712082	678
1237	1.052562982	746
1238	1.053413882	721
1239	1.054264781	719
1240	1.055115681	679
1241	1.055966581	735
1242	1.056817481	676
1243	1.05766838	722
1244	1.05851928	751
1245	1.05937018	744
1246	1.06022108	739
1247	1.061071979	718
1248	1.061922879	758
1249	1.062773779	731
1250	1.063624679	760
1251	1.064475578	740
1252	1.065326478	743
1253	1.066177378	738
1254	1.067028278	710
1255	1.067879177	736
1256	1.068730077	733
1257	1.069580977	661
1258	1.070431877	699
1259	1.071282776	782
1260	1.072133676	729
1261	1.072984576	728
1262	1.073835476	710
1263	1.074686375	742
1264	1.075537275	727
1265	1.076388175	723
1266	1.077239075	744
1267	1.078089974	723
1268	1.078940874	719
1269	1.079791774	680
1270	1.080642674	775
1271	1.081493573	725
1272	1.082344473	802
1273	1.083195373	803
1274	1.084046272	753
1275	1.084897172	769
1276	1.085748072	735
1277	1.086598972	758
1278	1.087449871	774
1279	1.088300771	729
1280	1.089151671	732
1281	1.090002571	726
1282	1.09085347	733
1283	1.09170437	776
1284	1.09255527	750
1285	1.09340617	725
1286	1.094257069	790
1287	1.095107969	767
1288	1.095958869	798
1289	1.096809769	730
1290	1.097660668	774
1291	1.098511568	793
1292	1.099362468	803
1293	1.100213368	806
1294	1.101064267	792
1295	1.101915167	775
1296	1.102766067	780
1297	1.103616967	818
1298	1.104467866	790
1299	1.105318766	805
1300	1.106169666	794
1301	1.107020566	756
1302	1.107871465	781
1303	1.108722365	811
1304	1.109573265	762
1305	1.110424165	746
1306	1.111275064	790
1307	1.112125964	795
1308	1.112976864	785
1309	1.113827763	792
1310	1.114678663	799
1311	1.115529563	762
1312	1.116380463	806
1313	1.117231362	752
1314	1.118082262	818
1315	1.118933162	770
1316	1.119784062	772
1317	1.120634961	797
1318	1.121485861	838
1319	1.122336761	811
1320	1.123187661	792
1321	1.12403856	819
1322	1.12488946	752
1323	1.12574036	757
1324	1.12659126	795
1325	1.127442159	794
1326	1.128293059	818
1327	1.129143959	810
1328	1.129994859	841
1329	1.130845758	815
1330	1.131696658	778
1331	1.132547558	821
1332	1.133398458	841
1333	1.134249357	741
1334	1.135100257	809
1335	1.135951157	740
1336	1.136802057	814
1337	1.137652956	740
1338	1.138503856	761
1339	1.139354756	743
1340	1.140205656	740
1341	1.141056555	777
1342	1.141907455	747
1343	1.142758355	751
1344	1.143609254	798
1345	1.144460154	770
1346	1.145311054	762
1347	1.146161954	779
1348	1.147012853	788
1349	1.147863753	742
1350	1.148714653	807
1351	1.149565553	797
1352	1.150416452	783
1353	1.151267352	772
1354	1.152118252	760
1355	1.152969152	798
1356	1.153820051	756
1357	1.154670951	775
1358	1.155521851	746
1359	1.156372751	740
1360	1.15722365	792
1361	1.15807455	792
1362	1.15892545	701
1363	1.15977635	716
1364	1.160627249	751
1365	1.161478149	746
1366	1.162329049	767
1367	1.163179949	771
1368	1.164030848	710
1369	1.164881748	782
1370	1.165732648	711
1371	1.166583548	796
1372	1.167434447	741
1373	1.168285347	757
1374	1.169136247	760
1375	1.169987147	659
1376	1.170838046	709
1377	1.171688946	750
1378	1.172539846	759
1379	1.173390746	693
1380	1.174241645	727
1381	1.175092545	697
1382	1.175943445	718
1383	1.176794344	771
1384	1.177645244	726
1385	1.178496144	684
1386	1.179347044	709
1387	1.180197943	726
1388	1.181048843	681
1389	1.181899743	731
1390	1.182750643	699
1391	1.183601542	703
1392	1.184452442	705
1393	1.185303342	679
1394	1.186154242	694
1395	1.187005141	652
1396	1.187856041	694
1397	1.188706941	616
1398	1.189557841	684
1399	1.19040874	651
1400	1.19125964	748
1401	1.19211054	645
1402	1.19296144	672
1403	1.193812339	677
1404	1.194663239	644
1405	1.195514139	709
1406	1.196365039	688
1407	1.197215938	643
1408	1.198066838	643
1409	1.198917738	668
1410	1.199768638	614
1411	1.200619537	637
1412	1.201470437	623
1413	1.202321337	646
1414	1.203172237	692
1415	1.204023136	600
1416	1.204874036	592
1417	1.205724936	638
1418	1.206575835	604
1419	1.207426735	618
1420	1.208277635	627
1421	1.209128535	597
1422	1.209979434	583
1423	1.210830334	611
1424	1.211681234	612
1425	1.212532134	646
1426	1.213383033	661
1427	1.214233933	605
1428	1.215084833	633
1429	1.215935733	610
1430	1.216786632	589
1431	1.217637532	583
1432	1.218488432	587
1433	1.219339332	579
1434	1.220190231	590
1435	1.221041131	613
1436	1.221892031	620
1437	1.222742931	572
1438	1.22359383	632
1439	1.22444473	554
1440	1.22529563	608
1441	1.22614653	582
1442	1.226997429	595
1443	1.227848329	612
1444	1.228699229	583
1445	1.229550129	607
1446	1.230401028	545
1447	1.231251928	572
1448	1.232102828	538
1449	1.232953728	602
1450	1.233804627	597
1451	1.234655527	570
1452	1.235506427	575
1453	1.236357326	560
1454	1.237208226	539
1455	1.238059126	555
1456	1.238910026	587
1457	1.239760925	560
1458	1.240611825	526
1459	1.241462725	566
1460	1.242313625	563
1461	1.243164524	538
1462	1.244015424	533
1463	1.244866324	577
1464	1.245717224	533
1465	1.246568123	519
1466	1.247419023	584
1467	1.248269923	523
1468	1.249120823	546
1469	1.249971722	515
1470	1.250822622	564
1471	1.251673522	498
1472	1.252524422	540
1473	1.253375321	530
1474	1.254226221	532
1475	1.255077121	571
1476	1.255928021	524
1477	1.25677892	525
1478	1.25762982	486
1479	1.25848072	512
1480	1.25933162	520
1481	1.260182519	496
1482	1.261033419	514
1483	1.261884319	538
1484	1.262735219	538
1485	1.263586118	492
1486	1.264437018	511
1487	1.265287918	513
1488	1.266138817	508
1489	1.266989717	473
1490	1.267840617	496
1491	1.268691517	474
1492	1.269542416	458
1493	1.270393316	469
1494	1.271244216	501
1495	1.272095116	507
1496	1.272946015	494
1497	1.273796915	537
1498	1.274647815	485
1499	1.275498715	494
1500	1.276349614	532
1501	1.277200514	498
1502	1.278051414	458
1503	1.278902314	488
1504	1.279753213	457
1505	1.280604113	502
1506	1.281455013	437
1507	1.282305913	462
1508	1.283156812	486
1509	1.284007712	500
1510	1.284858612	432
1511	1.285709512	459
1512	1.286560411	443
1513	1.287411311	473
1514	1.288262211	458
1515	1.289113111	475
1516	1.28996401	483
1517	1.29081491	483
1518	1.29166581	460
1519	1.29251671	457
1520	1.293367609	466
1521	1.294218509	455
1522	1.295069409	459
1523	1.295920308	491
1524	1.296771208	511
1525	1.297622108	477
1526	1.298473008	477
1527	1.299323907	422
1528	1.300174807	394
1529	1.301025707	413
1530	1.301876607	431
1531	1.302727506	404
1532	1.303578406	445
1533	1.304429306	444
1534	1.305280206	445
1535	1.306131105	409
1536	1.306982005	404
1537	1.307832905	440
1538	1.308683805	419
1539	1.309534704	469
1540	1.310385604	415
1541	1.311236504	395
1542	1.312087404	450
1543	1.312938303	452
1544	1.313789203	427
1545	1.314640103	388
1546	1.315491003	407
1547	1.316341902	410
1548	1.317192802	388
1549	1.318043702	376
1550	1.318894602	450
1551	1.319745501	420
1552	1.320596401	415
1553	1.321447301	405
1554	1.322298201	429
1555	1.3231491	422
1556	1.324	421
1557	1.3248509	445
1558	1.325701799	440
1559	1.326552699	415
1560	1.327403599	407
1561	1.328254499	401
1562	1.329105398	407
1563	1.329956298	416
1564	1.330807198	404
1565	1.331658098	408
1566	1.332508997	401
1567	1.333359897	420
1568	1.334210797	382
1569	1.335061697	426
1570	1.335912596	410
1571	1.336763496	410
1572	1.337614396	378
1573	1.338465296	422
1574	1.339316195	388
1575	1.340167095	433
1576	1.341017995	409
1577	1.341868895	427
1578	1.342719794	394
1579	1.343570694	412
1580	1.344421594	390
1581	1.345272494	395
1582	1.346123393	433
1583	1.346974293	404
1584	1.347825193	424
1585	1.348676093	438
1586	1.349526992	405
1587	1.350377892	419
1588	1.351228792	390
1589	1.352079692	411
1590	1.352930591	412
1591	1.353781491	397
1592	1.354632391	393
1593	1.35548329	415
1594	1.35633419	403
1595	1.35718509	413
1596	1.35803599	471
1597	1.358886889	417
1598	1.359737789	430
1599	1.360588689	384
1600	1.361439589	442
1601	1.362290488	449
1602	1.363141388	450
1603	1.363992288	434
1604	1.364843188	458
1605	1.365694087	486
1606	1.366544987	448
1607	1.367395887	459
1608	1.368246787	429
1609	1.369097686	462
1610	1.369948586	419
1611	1.370799486	464
1612	1.371650386	455
1613	1.372501285	411
1614	1.373352185	459
1615	1.374203085	460
1616	1.375053985	431
1617	1.375904884	472
1618	1.376755784	485
1619	1.377606684	464
1620	1.378457584	484
1621	1.379308483	443
1622	1.380159383	453
1623	1.381010283	476
1624	1.381861183	462
1625	1.382712082	474
1626	1.383562982	518
1627	1.384413882	514
1628	1.385264781	470
1629	1.386115681	460
1630	1.386966581	513
1631	1.387817481	521
1632	1.38866838	522
1633	1.38951928	490
1634	1.39037018	482
1635	1.39122108	541
1636	1.392071979	543
1637	1.392922879	545
1638	1.393773779	537
1639	1.394624679	518
1640	1.395475578	579
1641	1.396326478	517
1642	1.397177378	541
1643	1.398028278	510
1644	1.398879177	575
1645	1.399730077	566
1646	1.400580977	591
1647	1.401431877	564
1648	1.402282776	542
1649	1.403133676	547
1650	1.403984576	612
1651	1.404835476	583
1652	1.405686375	557
1653	1.406537275	561
1654	1.407388175	583
1655	1.408239075	592
1656	1.409089974	592
1657	1.409940874	618
1658	1.410791774	594
1659	1.411642674	607
1660	1.412493573	637
1661	1.413344473	648
1662	1.414195373	667
1663	1.415046272	623
1664	1.415897172	704
1665	1.416748072	647
1666	1.417598972	680
1667	1.418449871	657
1668	1.419300771	636
1669	1.420151671	715
1670	1.421002571	694
1671	1.42185347	666
1672	1.42270437	651
1673	1.42355527	678
1674	1.42440617	705
1675	1.425257069	697
1676	1.426107969	659
1677	1.426958869	736
1678	1.427809769	732
1679	1.428660668	684
1680	1.429511568	742
1681	1.430362468	655
1682	1.431213368	724
1683	1.432064267	784
1684	1.432915167	734
1685	1.433766067	714
1686	1.434616967	787
1687	1.435467866	757
1688	1.436318766	766
1689	1.437169666	762
1690	1.438020566	730
1691	1.438871465	743
1692	1.439722365	769
1693	1.440573265	772
1694	1.441424165	762
1695	1.442275064	730
1696	1.443125964	759
1697	1.443976864	811
1698	1.444827763	766
1699	1.445678663	755
1700	1.446529563	793
1701	1.447380463	843
1702	1.448231362	815
1703	1.449082262	761
1704	1.449933162	779
1705	1.450784062	782
1706	1.451634961	759
1707	1.452485861	776
1708	1.453336761	799
1709	1.454187661	795
1710	1.45503856	768
1711	1.45588946	802
1712	1.45674036	829
1713	1.45759126	772
1714	1.458442159	776
1715	1.459293059	785
1716	1.460143959	742
1717	1.460994859	819
1718	1.461845758	743
1719	1.462696658	744
1720	1.463547558	747
1721	1.464398458	698
1722	1.465249357	750
1723	1.466100257	742
1724	1.466951157	742
1725	1.467802057	749
1726	1.468652956	720
1727	1.469503856	675
1728	1.470354756	697
1729	1.471205656	707
1730	1.472056555	702
1731	1.472907455	714
1732	1.473758355	740
1733	1.474609254	694
1734	1.475460154	655
1735	1.476311054	677
1736	1.477161954	627
1737	1.478012853	663
1738	1.478863753	670
1739	1.479714653	651
1740	1.480565553	631
1741	1.481416452	652
1742	1.482267352	667
1743	1.483118252	588
1744	1.483969152	633
1745	1.484820051	582
1746	1.485670951	597
1747	1.486521851	600
1748	1.487372751	592
1749	1.48822365	580
1750	1.48907455	554
1751	1.48992545	544
1752	1.49077635	557
1753	1.491627249	539
1754	1.492478149	528
1755	1.493329049	527
1756	1.494179949	499
1757	1.495030848	507
1758	1.495881748	497
1759	1.496732648	448
1760	1.497583548	482
1761	1.498434447	459
1762	1.499285347	490
1763	1.500136247	436
1764	1.500987147	444
1765	1.501838046	444
1766	1.502688946	480
1767	1.503539846	460
1768	1.504390746	412
1769	1.505241645	415
1770	1.506092545	406
1771	1.506943445	383
1772	1.507794344	392
1773	1.508645244	364
1774	1.509496144	363
1775	1.510347044	374
1776	1.511197943	346
1777	1.512048843	363
1778	1.512899743	355
1779	1.513750643	337
1780	1.514601542	327
1781	1.515452442	310
1782	1.516303342	349
1783	1.517154242	306
1784	1.518005141	282
1785	1.518856041	318
1786	1.519706941	270
1787	1.520557841	288
1788	1.52140874	294
1789	1.52225964	271
1790	1.52311054	312
1791	1.52396144	238
1792	1.524812339	267
1793	1.525663239	238
1794	1.526514139	251
1795	1.527365039	226
1796	1.528215938	242
1797	1.529066838	252
1798	1.529917738	236
1799	1.530768638	231
1800	1.531619537	224
1801	1.532470437	211
1802	1.533321337	224
1803	1.534172237	211
1804	1.535023136	194
1805	1.535874036	223
1806	1.536724936	192
1807	1.537575835	191
1808	1.538426735	197
1809	1.539277635	205
1810	1.540128535	198
1811	1.540979434	197
1812	1.541830334	197
1813	1.542681234	195
1814	1.543532134	174
1815	1.544383033	165
1816	1.545233933	177
1817	1.546084833	162
1818	1.546935733	162
1819	1.547786632	189
1820	1.548637532	158
1821	1.549488432	168
1822	1.550339332	155
1823	1.551190231	175
1824	1.552041131	158
1825	1.552892031	160
1826	1.553742931	169
1827	1.55459383	171
1828	1.55544473	169
1829	1.55629563	148
1830	1.55714653	141
1831	1.557997429	171
1832	1.558848329	149
1833	1.559699229	141
1834	1.560550129	142
1835	1.561401028	157
1836	1.562251928	174
1837	1.563102828	136
1838	1.563953728	157
1839	1.564804627	141
1840	1.565655527	134
1841	1.566506427	142
1842	1.567357326	130
1843	1.568208226	160
1844	1.569059126	129
1845	1.569910026	145
1846	1.570760925	123
1847	1.571611825	158
1848	1.572462725	122
1849	1.573313625	132
1850	1.574164524	120
1851	1.575015424	132
1852	1.575866324	115
1853	1.576717224	139
1854	1.577568123	129
1855	1.578419023	124
1856	1.579269923	140
1857	1.580120823	108
1858	1.580971722	139
1859	1.581822622	123
1860	1.582673522	115
1861	1.583524422	135
1862	1.584375321	121
1863	1.585226221	138
1864	1.586077121	139
1865	1.586928021	111
1866	1.58777892	134
1867	1.58862982	151
1868	1.58948072	114
1869	1.59033162	122
1870	1.591182519	114
1871	1.592033419	114
1872	1.592884319	129
1873	1.593735219	129
1874	1.594586118	116
1875	1.595437018	124
1876	1.596287918	118
1877	1.597138817	129
1878	1.597989717	148
1879	1.598840617	102
1880	1.599691517	118
1881	1.600542416	136
1882	1.601393316	127
1883	1.602244216	121
1884	1.603095116	135
1885	1.603946015	139
1886	1.604796915	125
1887	1.605647815	112
1888	1.606498715	120
1889	1.607349614	106
1890	1.608200514	125
1891	1.609051414	123
1892	1.609902314	104
1893	1.610753213	132
1894	1.611604113	115
1895	1.612455013	121
1896	1.613305913	117
1897	1.614156812	119
1898	1.615007712	115
1899	1.615858612	128
1900	1.616709512	100
1901	1.617560411	116
1902	1.618411311	133
1903	1.619262211	109
1904	1.620113111	116
1905	1.62096401	105
1906	1.62181491	101
1907	1.62266581	116
1908	1.62351671	104
1909	1.624367609	123
1910	1.625218509	111
1911	1.626069409	103
1912	1.626920308	117
1913	1.627771208	103
1914	1.628622108	105
1915	1.629473008	121
1916	1.630323907	107
1917	1.631174807	139
1918	1.632025707	102
1919	1.632876607	105
1920	1.633727506	121
1921	1.634578406	103
1922	1.635429306	110
1923	1.636280206	118
1924	1.637131105	107
1925	1.637982005	99
1926	1.638832905	110
1927	1.639683805	124
1928	1.640534704	110
1929	1.641385604	111
1930	1.642236504	105
1931	1.643087404	110
1932	1.643938303	108
1933	1.644789203	109
1934	1.645640103	104
1935	1.646491003	99
1936	1.647341902	100
1937	1.648192802	96
1938	1.649043702	104
1939	1.649894602	124
1940	1.650745501	96
1941	1.651596401	103
1942	1.652447301	95
1943	1.653298201	102
1944	1.6541491	114
1945	1.655	104
1946	1.6558509	108
1947	1.656701799	113
1948	1.657552699	104
1949	1.658403599	124
1950	1.659254499	104
1951	1.660105398	109
1952	1.660956298	100
1953	1.661807198	101
1954	1.662658098	113
1955	1.663508997	107
1956	1.664359897	83
1957	1.665210797	97
1958	1.666061697	112
1959	1.666912596	95
1960	1.667763496	110
1961	1.668614396	86
1962	1.669465296	110
1963	1.670316195	101
1964	1.671167095	104
1965	1.672017995	113
1966	1.672868895	105
1967	1.673719794	100
1968	1.674570694	86
1969	1.675421594	93
1970	1.676272494	95
1971	1.677123393	101
1972	1.677974293	106
1973	1.678825193	107
1974	1.679676093	114
1975	1.680526992	103
1976	1.681377892	113
1977	1.682228792	101
1978	1.683079692	99
1979	1.683930591	106
1980	1.684781491	85
1981	1.685632391	108
1982	1.68648329	83
1983	1.68733419	121
1984	1.68818509	104
1985	1.68903599	117
1986	1.689886889	117
1987	1.690737789	99
1988	1.691588689	95
1989	1.692439589	107
1990	1.693290488	116
1991	1.694141388	86
1992	1.694992288	99
1993	1.695843188	113
1994	1.696694087	99
1995	1.697544987	116
1996	1.698395887	105
1997	1.699246787	110
1998	1.700097686	119
1999	1.700948586	111
2000	1.701799486	103
2001	1.702650386	120
2002	1.703501285	109
2003	1.704352185	108
2004	1.705203085	103
2005	1.706053985	109
2006	1.706904884	101
2007	1.707755784	113
2008	1.708606684	98
2009	1.709457584	126
2010	1.710308483	112
2011	1.711159383	125
2012	1.712010283	99
2013	1.712861183	111
2014	1.713712082	114
2015	1.714562982	107
2016	1.715413882	89
2017	1.716264781	100
2018	1.717115681	110
2019	1.717966581	108
2020	1.718817481	87
2021	1.71966838	115
2022	1.72051928	105
2023	1.72137018	99
2024	1.72222108	115
2025	1.723071979	143
2026	1.723922879	118
2027	1.724773779	100
2028	1.725624679	93
2029	1.726475578	98
2030	1.727326478	98
2031	1.728177378	104
2032	1.729028278	101
2033	1.729879177	100
2034	1.730730077	118
2035	1.731580977	122
2036	1.732431877	97
2037	1.733282776	108
2038	1.734133676	105
2039	1.734984576	82
2040	1.735835476	102
2041	1.736686375	93
2042	1.737537275	121
2043	1.738388175	102
2044	1.739239075	107
2045	1.740089974	117
2046	1.740940874	131
2047	1.741791774	99
2048	1.742642674	116
2049	1.743493573	101
2050	1.744344473	120
2051	1.745195373	126
2052	1.746046272	100
2053	1.746897172	102
2054	1.747748072	89
2055	1.748598972	96
2056	1.749449871	148
2057	1.750300771	93
2058	1.751151671	121
2059	1.752002571	114
2060	1.75285347	115
2061	1.75370437	98
2062	1.75455527	114
2063	1.75540617	108
2064	1.756257069	117
2065	1.757107969	115
2066	1.757958869	105
2067	1.758809769	102
2068	1.759660668	108
2069	1.760511568	101
2070	1.761362468	119
2071	1.762213368	103
2072	1.763064267	98
2073	1.763915167	105
2074	1.764766067	99
2075	1.765616967	107
2076	1.766467866	103
2077	1.767318766	109
2078	1.768169666	100
2079	1.769020566	112
2080	1.769871465	112
2081	1.770722365	108
2082	1.771573265	116
2083	1.772424165	101
2084	1.773275064	89
2085	1.774125964	94
2086	1.774976864	84
2087	1.775827763	106
2088	1.776678663	107
2089	1.777529563	103
2090	1.778380463	107
2091	1.779231362	117
2092	1.780082262	101
2093	1.780933162	85
2094	1.781784062	93
2095	1.782634961	100
2096	1.783485861	102
2097	1.784336761	96
2098	1.785187661	101
2099	1.78603856	113
2100	1.78688946	97
2101	1.78774036	96
2102	1.78859126	96
2103	1.789442159	83
2104	1.790293059	100
2105	1.791143959	87
2106	1.791994859	89
2107	1.792845758	97
2108	1.793696658	107
2109	1.794547558	88
2110	1.795398458	98
2111	1.796249357	83
2112	1.797100257	89
2113	1.797951157	112
2114	1.798802057	79
2115	1.799652956	92
2116	1.800503856	99
2117	1.801354756	96
2118	1.802205656	97
2119	1.803056555	81
2120	1.803907455	99
2121	1.804758355	89
2122	1.805609254	73
2123	1.806460154	80
2124	1.807311054	89
2125	1.808161954	91
2126	1.809012853	98
2127	1.809863753	87
2128	1.810714653	99
2129	1.811565553	84
2130	1.812416452	102
2131	1.813267352	84
2132	1.814118252	76
2133	1.814969152	82
2134	1.815820051	89
2135	1.816670951	86
2136	1.817521851	86
2137	1.818372751	74
2138	1.81922365	86
2139	1.82007455	88
2140	1.82092545	82
2141	1.82177635	83
2142	1.822627249	74
2143	1.823478149	83
2144	1.824329049	81
2145	1.825179949	81
2146	1.826030848	78
2147	1.826881748	94
2148	1.827732648	76
2149	1.828583548	88
2150	1.829434447	77
2151	1.830285347	104
2152	1.831136247	87
2153	1.831987147	73
2154	1.832838046	71
2155	1.833688946	111
2156	1.834539846	70
2157	1.835390746	78
2158	1.836241645	82
2159	1.837092545	78
2160	1.837943445	83
2161	1.838794344	70
2162	1.839645244	62
2163	1.840496144	85
2164	1.841347044	89
2165	1.842197943	78
2166	1.843048843	84
2167	1.843899743	81
2168	1.844750643	80
2169	1.845601542	71
2170	1.846452442	76
2171	1.847303342	74
2172	1.848154242	63
2173	1.849005141	85
2174	1.849856041	85
2175	1.850706941	81
2176	1.851557841	76
2177	1.85240874	89
2178	1.85325964	83
2179	1.85411054	76
2180	1.85496144	74
2181	1.855812339	90
2182	1.856663239	73
2183	1.857514139	88
2184	1.858365039	79
2185	1.859215938	62
2186	1.860066838	75
2187	1.860917738	75
2188	1.861768638	79
2189	1.862619537	81
2190	1.863470437	69
2191	1.864321337	72
2192	1.865172237	88
2193	1.866023136	68
2194	1.866874036	67
2195	1.867724936	90
2196	1.868575835	62
2197	1.869426735	75
2198	1.870277635	72
2199	1.871128535	86
2200	1.871979434	57
2201	1.872830334	77
2202	1.873681234	73
2203	1.874532134	81
2204	1.875383033	62
2205	1.876233933	86
2206	1.877084833	88
2207	1.877935733	82
2208	1.878786632	78
2209	1.879637532	77
2210	1.880488432	76
2211	1.881339332	78
2212	1.882190231	70
2213	1.883041131	72
2214	1.883892031	64
2215	1.884742931	64
2216	1.88559383	63
2217	1.88644473	69
2218	1.88729563	61
2219	1.88814653	80
2220	1.888997429	74
2221	1.889848329	74
2222	1.890699229	81
2223	1.891550129	76
2224	1.892401028	70
2225	1.893251928	80
2226	1.894102828	71
2227	1.894953728	74
2228	1.895804627	64
2229	1.896655527	74
2230	1.897506427	67
2231	1.898357326	69
2232	1.899208226	69
2233	1.900059126	64
2234	1.900910026	63
2235	1.901760925	88
2236	1.902611825	74
2237	1.903462725	73
2238	1.904313625	73
2239	1.905164524	68
2240	1.906015424	71
2241	1.906866324	91
2242	1.907717224	68
2243	1.908568123	55
2244	1.909419023	76
2245	1.910269923	74
2246	1.911120823	57
2247	1.911971722	74
2248	1.912822622	68
2249	1.913673522	80
2250	1.914524422	66
2251	1.915375321	74
2252	1.916226221	63
2253	1.917077121	50
2254	1.917928021	73
2255	1.91877892	47
2256	1.91962982	63
2257	1.92048072	83
2258	1.92133162	66
2259	1.922182519	77
2260	1.923033419	65
2261	1.923884319	73
2262	1.924735219	49
2263	1.925586118	62
2264	1.926437018	72
2265	1.927287918	67
2266	1.928138817	67
2267	1.928989717	66
2268	1.929840617	60
2269	1.930691517	61
2270	1.931542416	69
2271	1.932393316	58
2272	1.933244216	69
2273	1.934095116	75
2274	1.934946015	79
2275	1.935796915	64
2276	1.936647815	61
2277	1.937498715	58
2278	1.938349614	74
2279	1.939200514	66
2280	1.940051414	84
2281	1.940902314	80
2282	1.941753213	72
2283	1.942604113	63
2284	1.943455013	74
2285	1.944305913	65
2286	1.945156812	61
2287	1.946007712	71
2288	1.946858612	61
2289	1.947709512	70
2290	1.948560411	66
2291	1.949411311	64
2292	1.950262211	63
2293	1.951113111	78
2294	1.95196401	69
2295	1.95281491	72
2296	1.95366581	68
2297	1.95451671	65
2298	1.955367609	56
2299	1.956218509	77
2300	1.957069409	71
2301	1.957920308	75
2302	1.958771208	58
2303	1.959622108	72
2304	1.960473008	72
2305	1.961323907	55
2306	1.962174807	68
2307	1.963025707	79
2308	1.963876607	64
2309	1.964727506	77
2310	1.965578406	61
2311	1.966429306	69
2312	1.967280206	71
2313	1.968131105	63
2314	1.968982005	66
2315	1.969832905	60
2316	1.970683805	59
2317	1.971534704	62
2318	1.972385604	81
2319	1.973236504	74
2320	1.974087404	69
2321	1.974938303	72
2322	1.975789203	68
2323	1.976640103	64
2324	1.977491003	61
2325	1.978341902	70
2326	1.979192802	67
2327	1.980043702	71
2328	1.980894602	68
2329	1.981745501	62
2330	1.982596401	68
2331	1.983447301	67
2332	1.984298201	78
2333	1.9851491	82
2334	1.986	60
2335	1.9868509	71
2336	1.987701799	58
2337	1.988552699	48
2338	1.989403599	65
2339	1.990254499	60
2340	1.991105398	65
2341	1.991956298	80
2342	1.992807198	60
2343	1.993658098	60
2344	1.994508997	62
2345	1.995359897	77
2346	1.996210797	57
2347	1.997061697	72
2348	1.997912596	71
2349	1.998763496	71
2350	1.999614396	46
2351	2.000465296	72
2352	2.001316195	72
2353	2.002167095	59
2354	2.003017995	74
2355	2.003868895	68
2356	2.004719794	48
2357	2.005570694	73
2358	2.006421594	62
2359	2.007272494	40
2360	2.008123393	71
2361	2.008974293	65
2362	2.009825193	58
2363	2.010676093	71
2364	2.011526992	76
2365	2.012377892	72
2366	2.013228792	79
2367	2.014079692	60
2368	2.014930591	60
2369	2.015781491	73
2370	2.016632391	78
2371	2.01748329	63
2372	2.01833419	45
2373	2.01918509	64
2374	2.02003599	62
2375	2.020886889	63
2376	2.021737789	81
2377	2.022588689	57
2378	2.023439589	56
2379	2.024290488	57
2380	2.025141388	72
2381	2.025992288	71
2382	2.026843188	68
2383	2.027694087	60
2384	2.028544987	63
2385	2.029395887	68
2386	2.030246787	62
2387	2.031097686	59
2388	2.031948586	59
2389	2.032799486	74
2390	2.033650386	68
2391	2.034501285	78
2392	2.035352185	57
2393	2.036203085	62
2394	2.037053985	61
2395	2.037904884	60
2396	2.038755784	67
2397	2.039606684	72
2398	2.040457584	76
2399	2.041308483	80
2400	2.042159383	63
2401	2.043010283	76
2402	2.043861183	65
2403	2.044712082	65
2404	2.045562982	82
2405	2.046413882	65
2406	2.047264781	77
2407	2.048115681	74
2408	2.048966581	74
2409	2.049817481	67
2410	2.05066838	62
2411	2.05151928	70
2412	2.05237018	67
2413	2.05322108	63
2414	2.054071979	83
2415	2.054922879	78
2416	2.055773779	55
2417	2.056624679	77
2418	2.057475578	76
2419	2.058326478	64
2420	2.059177378	69
2421	2.060028278	57
2422	2.060879177	69
2423	2.061730077	69
2424	2.062580977	71
2425	2.063431877	62
2426	2.064282776	71
2427	2.065133676	83
2428	2.065984576	65
2429	2.066835476	62
2430	2.067686375	76
2431	2.068537275	56
2432	2.069388175	63
2433	2.070239075	74
2434	2.071089974	81
2435	2.071940874	68
2436	2.072791774	67
2437	2.073642674	57
2438	2.074493573	58
2439	2.075344473	60
2440	2.076195373	75
2441	2.077046272	77
2442	2.077897172	69
2443	2.078748072	81
2444	2.079598972	71
2445	2.080449871	71
2446	2.081300771	78
2447	2.082151671	78
2448	2.083002571	79
2449	2.08385347	69
2450	2.08470437	65
2451	2.08555527	74
2452	2.08640617	53
2453	2.087257069	66
2454	2.088107969	60
2455	2.088958869	61
2456	2.089809769	62
2457	2.090660668	78
2458	2.091511568	67
2459	2.092362468	70
2460	2.093213368	71
2461	2.094064267	61
2462	2.094915167	72
2463	2.095766067	59
2464	2.096616967	69
2465	2.097467866	75
2466	2.098318766	75
2467	2.099169666	66
2468	2.100020566	75
2469	2.100871465	69
2470	2.101722365	61
2471	2.102573265	74
2472	2.103424165	75
2473	2.104275064	60
2474	2.105125964	83
2475	2.105976864	85
2476	2.106827763	66
2477	2.107678663	66
2478	2.108529563	55
2479	2.109380463	50
2480	2.110231362	66
2481	2.111082262	73
2482	2.111933162	80
2483	2.112784062	59
2484	2.113634961	72
2485	2.114485861	77
2486	2.115336761	69
2487	2.116187661	69
2488	2.11703856	67
2489	2.11788946	63
2490	2.11874036	60
2491	2.11959126	55
2492	2.120442159	62
2493	2.121293059	78
2494	2.122143959	75
2495	2.122994859	62
2496	2.123845758	51
2497	2.124696658	73
2498	2.125547558	66
2499	2.126398458	78
2500	2.127249357	71
2501	2.128100257	60
2502	2.128951157	64
2503	2.129802057	74
2504	2.130652956	59
2505	2.131503856	70
2506	2.132354756	74
2507	2.133205656	73
2508	2.134056555	53
2509	2.134907455	65
2510	2.135758355	68
2511	2.136609254	73
2512	2.137460154	83
2513	2.138311054	73
2514	2.139161954	66
2515	2.140012853	71
2516	2.140863753	57
2517	2.141714653	65
2518	2.142565553	78
2519	2.143416452	67
2520	2.144267352	59
2521	2.145118252	64
2522	2.145969152	61
2523	2.146820051	63
2524	2.147670951	70
2525	2.148521851	65
2526	2.149372751	74
2527	2.15022365	74
2528	2.15107455	67
2529	2.15192545	74
2530	2.15277635	73
2531	2.153627249	69
2532	2.154478149	67
2533	2.155329049	70
2534	2.156179949	62
2535	2.157030848	54
2536	2.157881748	52
2537	2.158732648	74
2538	2.159583548	76
2539	2.160434447	65
2540	2.161285347	52
2541	2.162136247	68
2542	2.162987147	55
2543	2.163838046	63
2544	2.164688946	66
2545	2.165539846	64
2546	2.166390746	70
2547	2.167241645	67
2548	2.168092545	62
2549	2.168943445	74
2550	2.169794344	73
2551	2.170645244	67
2552	2.171496144	71
2553	2.172347044	65
2554	2.173197943	62
2555	2.174048843	67
2556	2.174899743	62
2557	2.175750643	61
2558	2.176601542	61
2559	2.177452442	63
2560	2.178303342	62
2561	2.179154242	54
2562	2.180005141	47
2563	2.180856041	52
2564	2.181706941	67
2565	2.182557841	51
2566	2.18340874	61
2567	2.18425964	58
2568	2.18511054	67
2569	2.18596144	64
2570	2.186812339	49
2571	2.187663239	57
2572	2.188514139	55
2573	2.189365039	77
2574	2.190215938	69
2575	2.191066838	59
2576	2.191917738	47
2577	2.192768638	68
2578	2.193619537	55
2579	2.194470437	69
2580	2.195321337	49
2581	2.196172237	75
2582	2.197023136	74
2583	2.197874036	59
2584	2.198724936	55
2585	2.199575835	59
2586	2.200426735	70
2587	2.201277635	44
2588	2.202128535	61
2589	2.202979434	71
2590	2.203830334	81
2591	2.204681234	68
2592	2.205532134	59
2593	2.206383033	57
2594	2.207233933	70
2595	2.208084833	69
2596	2.208935733	66
2597	2.209786632	70
2598	2.210637532	64
2599	2.211488432	46
2600	2.212339332	67
2601	2.213190231	58
2602	2.214041131	63
2603	2.214892031	56
2604	2.215742931	59
2605	2.21659383	54
2606	2.21744473	43
2607	2.21829563	64
2608	2.21914653	55
2609	2.219997429	60
2610	2.220848329	75
2611	2.221699229	76
2612	2.222550129	55
2613	2.223401028	52
2614	2.224251928	49
2615	2.225102828	56
2616	2.225953728	60
2617	2.226804627	52
2618	2.227655527	54
2619	2.228506427	63
2620	2.229357326	48
2621	2.230208226	65
2622	2.231059126	60
2623	2.231910026	52
2624	2.232760925	60
2625	2.233611825	47
2626	2.234462725	69
2627	2.235313625	57
2628	2.236164524	75
2629	2.237015424	53
2630	2.237866324	55
2631	2.238717224	56
2632	2.239568123	61
2633	2.240419023	64
2634	2.241269923	54
2635	2.242120823	58
2636	2.242971722	52
2637	2.243822622	58
2638	2.244673522	60
2639	2.245524422	70
2640	2.246375321	58
2641	2.247226221	51
2642	2.248077121	68
2643	2.248928021	67
2644	2.24977892	57
2645	2.25062982	62
2646	2.25148072	61
2647	2.25233162	54
2648	2.253182519	51
2649	2.254033419	50
2650	2.254884319	64
2651	2.255735219	57
2652	2.256586118	56
2653	2.257437018	64
2654	2.258287918	54
2655	2.259138817	51
2656	2.259989717	49
2657	2.260840617	55
2658	2.261691517	55
2659	2.262542416	65
2660	2.263393316	55
2661	2.264244216	60
2662	2.265095116	63
2663	2.265946015	45
2664	2.266796915	47
2665	2.267647815	59
2666	2.268498715	47
2667	2.269349614	65
2668	2.270200514	49
2669	2.271051414	54
2670	2.271902314	50
2671	2.272753213	57
2672	2.273604113	61
2673	2.274455013	49
2674	2.275305913	47
2675	2.276156812	45
2676	2.277007712	44
2677	2.277858612	57
2678	2.278709512	60
2679	2.279560411	55
2680	2.280411311	54
2681	2.281262211	55
2682	2.282113111	60
2683	2.28296401	41
2684	2.28381491	34
2685	2.28466581	45
2686	2.28551671	64
2687	2.286367609	49
2688	2.287218509	46
2689	2.288069409	57
2690	2.288920308	40
2691	2.289771208	46
2692	2.290622108	38
2693	2.291473008	50
2694	2.292323907	52
2695	2.293174807	59
2696	2.294025707	56
2697	2.294876607	49
2698	2.295727506	41
2699	2.296578406	46
2700	2.297429306	52
2701	2.298280206	58
2702	2.299131105	46
2703	2.299982005	36
2704	2.300832905	42
2705	2.301683805	58
2706	2.302534704	45
2707	2.303385604	47
2708	2.304236504	42
2709	2.305087404	48
2710	2.305938303	44
2711	2.306789203	47
2712	2.307640103	49
2713	2.308491003	49
2714	2.309341902	51
2715	2.310192802	48
2716	2.311043702	46
2717	2.311894602	42
2718	2.312745501	50
2719	2.313596401	37
2720	2.314447301	40
2721	2.315298201	40
2722	2.3161491	28
2723	2.317	41
2724	2.3178509	48
2725	2.318701799	48
2726	2.319552699	48
2727	2.320403599	45
2728	2.321254499	38
2729	2.322105398	33
2730	2.322956298	44
2731	2.323807198	33
2732	2.324658098	42
2733	2.325508997	45
2734	2.326359897	42
2735	2.327210797	46
2736	2.328061697	25
2737	2.328912596	35
2738	2.329763496	45
2739	2.330614396	40
2740	2.331465296	44
2741	2.332316195	42
2742	2.333167095	40
2743	2.334017995	27
2744	2.334868895	46
2745	2.335719794	44
2746	2.336570694	35
2747	2.337421594	37
2748	2.338272494	36
2749	2.339123393	42
2750	2.339974293	44
2751	2.340825193	26
2752	2.341676093	49
2753	2.342526992	32
2754	2.343377892	39
2755	2.344228792	44
2756	2.345079692	34
2757	2.345930591	37
2758	2.346781491	43
2759	2.347632391	41
2760	2.34848329	39
2761	2.34933419	38
2762	2.35018509	50
2763	2.35103599	39
2764	2.351886889	35
2765	2.352737789	39
2766	2.353588689	39
2767	2.354439589	41
2768	2.355290488	27
2769	2.356141388	38
2770	2.356992288	27
2771	2.357843188	39
2772	2.358694087	43
2773	2.359544987	43
2774	2.360395887	28
2775	2.361246787	28
2776	2.362097686	44
2777	2.362948586	45
2778	2.363799486	36
2779	2.364650386	35
2780	2.365501285	33
2781	2.366352185	33
2782	2.367203085	32
2783	2.368053985	25
2784	2.368904884	25
2785	2.369755784	38
2786	2.370606684	31
2787	2.371457584	31
2788	2.372308483	31
2789	2.373159383	31
2790	2.374010283	36
2791	2.374861183	37
2792	2.375712082	37
2793	2.376562982	34
2794	2.377413882	38
2795	2.378264781	44
2796	2.379115681	32
2797	2.379966581	29
2798	2.380817481	29
2799	2.38166838	33
2800	2.38251928	37
2801	2.38337018	39
2802	2.38422108	31
2803	2.385071979	34
2804	2.385922879	31
2805	2.386773779	32
2806	2.387624679	34
2807	2.388475578	33
2808	2.389326478	31
2809	2.390177378	38
2810	2.391028278	24
2811	2.391879177	43
2812	2.392730077	35
2813	2.393580977	38
2814	2.394431877	31
2815	2.395282776	19
2816	2.396133676	35
2817	2.396984576	26
2818	2.397835476	27
2819	2.398686375	33
2820	2.399537275	26
2821	2.400388175	34
2822	2.401239075	27
2823	2.402089974	38
2824	2.402940874	22
2825	2.403791774	34
2826	2.404642674	39
2827	2.405493573	42
2828	2.406344473	27
2829	2.407195373	33
2830	2.408046272	48
2831	2.408897172	37
2832	2.409748072	25
2833	2.410598972	32
2834	2.411449871	39
2835	2.412300771	32
2836	2.413151671	39
2837	2.414002571	37
2838	2.41485347	30
2839	2.41570437	26
2840	2.41655527	40
2841	2.41740617	21
2842	2.418257069	36
2843	2.419107969	34
2844	2.419958869	26
2845	2.420809769	42
2846	2.421660668	32
2847	2.422511568	36
2848	2.423362468	25
2849	2.424213368	30
2850	2.425064267	36
2851	2.425915167	28
2852	2.426766067	27
2853	2.427616967	30
2854	2.428467866	25
2855	2.429318766	31
2856	2.430169666	33
2857	2.431020566	20
2858	2.431871465	30
2859	2.432722365	30
2860	2.433573265	30
2861	2.434424165	28
2862	2.435275064	34
2863	2.436125964	23
2864	2.436976864	31
2865	2.437827763	32
2866	2.438678663	27
2867	2.439529563	38
2868	2.440380463	24
2869	2.441231362	29
2870	2.442082262	28
2871	2.442933162	42
2872	2.443784062	41
2873	2.444634961	30
2874	2.445485861	38
2875	2.446336761	40
2876	2.447187661	24
2877	2.44803856	32
2878	2.44888946	33
2879	2.44974036	28
2880	2.45059126	36
2881	2.451442159	32
2882	2.452293059	32
2883	2.453143959	36
2884	2.453994859	31
2885	2.454845758	24
2886	2.455696658	24
2887	2.456547558	29
2888	2.457398458	29
2889	2.458249357	31
2890	2.459100257	30
2891	2.459951157	29
2892	2.460802057	29
2893	2.461652956	29
2894	2.462503856	38
2895	2.463354756	31
2896	2.464205656	33
2897	2.465056555	35
2898	2.465907455	31
2899	2.466758355	41
2900	2.467609254	30
2901	2.468460154	33
2902	2.469311054	33
2903	2.470161954	38
2904	2.471012853	31
2905	2.471863753	27
2906	2.472714653	51
2907	2.473565553	47
2908	2.474416452	31
2909	2.475267352	39
2910	2.476118252	38
2911	2.476969152	33
2912	2.477820051	43
2913	2.478670951	31
2914	2.479521851	31
2915	2.480372751	33
2916	2.48122365	38
2917	2.48207455	22
2918	2.48292545	48
2919	2.48377635	40
2920	2.484627249	40
2921	2.485478149	27
2922	2.486329049	45
2923	2.487179949	35
2924	2.488030848	39
2925	2.488881748	43
2926	2.489732648	47
2927	2.490583548	41
2928	2.491434447	36
2929	2.492285347	47
2930	2.493136247	44
2931	2.493987147	41
2932	2.494838046	38
2933	2.495688946	33
2934	2.496539846	40
2935	2.497390746	43
2936	2.498241645	41
2937	2.499092545	39
2938	2.499943445	42
2939	2.500794344	37
2940	2.501645244	44
2941	2.502496144	43
2942	2.503347044	40
2943	2.504197943	45
2944	2.505048843	28
2945	2.505899743	45
2946	2.506750643	45
2947	2.507601542	46
2948	2.508452442	44
2949	2.509303342	45
2950	2.510154242	39
2951	2.511005141	46
2952	2.511856041	56
2953	2.512706941	58
2954	2.513557841	37
2955	2.51440874	47
2956	2.51525964	51
2957	2.51611054	43
2958	2.51696144	52
2959	2.517812339	56
2960	2.518663239	44
2961	2.519514139	37
2962	2.520365039	54
2963	2.521215938	53
2964	2.522066838	52
2965	2.522917738	46
2966	2.523768638	49
2967	2.524619537	42
2968	2.525470437	57
2969	2.526321337	41
2970	2.527172237	48
2971	2.528023136	44
2972	2.528874036	51
2973	2.529724936	49
2974	2.530575835	42
2975	2.531426735	47
2976	2.532277635	34
2977	2.533128535	56
2978	2.533979434	53
2979	2.534830334	54
2980	2.535681234	48
2981	2.536532134	50
2982	2.537383033	57
2983	2.538233933	44
2984	2.539084833	55
2985	2.539935733	50
2986	2.540786632	43
2987	2.541637532	60
2988	2.542488432	62
2989	2.543339332	52
2990	2.544190231	53
2991	2.545041131	44
2992	2.545892031	47
2993	2.546742931	54
2994	2.54759383	44
2995	2.54844473	50
2996	2.54929563	44
2997	2.55014653	64
2998	2.550997429	49
2999	2.551848329	56
3000	2.552699229	48
3001	2.553550129	52
3002	2.554401028	47
3003	2.555251928	47
3004	2.556102828	40
3005	2.556953728	52
3006	2.557804627	51
3007	2.558655527	46
3008	2.559506427	42
3009	2.560357326	39
3010	2.561208226	42
3011	2.562059126	53
3012	2.562910026	58
3013	2.563760925	67
3014	2.564611825	41
3015	2.565462725	41
3016	2.566313625	47
3017	2.567164524	55
3018	2.568015424	42
3019	2.568866324	53
3020	2.569717224	49
3021	2.570568123	33
3022	2.571419023	40
3023	2.572269923	49
3024	2.573120823	41
3025	2.573971722	36
3026	2.574822622	44
3027	2.575673522	51
3028	2.576524422	47
3029	2.577375321	43
3030	2.578226221	41
3031	2.579077121	45
3032	2.579928021	39
3033	2.58077892	49
3034	2.58162982	52
3035	2.58248072	43
3036	2.58333162	48
3037	2.584182519	39
3038	2.585033419	47
3039	2.585884319	44
3040	2.586735219	48
3041	2.587586118	41
3042	2.588437018	41
3043	2.589287918	36
3044	2.590138817	29
3045	2.590989717	41
3046	2.591840617	47
3047	2.592691517	43
3048	2.593542416	50
3049	2.594393316	38
3050	2.595244216	47
3051	2.596095116	36
3052	2.596946015	39
3053	2.597796915	41
3054	2.598647815	29
3055	2.599498715	28
3056	2.600349614	37
3057	2.601200514	38
3058	2.602051414	42
3059	2.602902314	24
3060	2.603753213	31
3061	2.604604113	44
3062	2.605455013	45
3063	2.606305913	32
3064	2.607156812	33
3065	2.608007712	37
3066	2.608858612	44
3067	2.609709512	34
3068	2.610560411	31
3069	2.611411311	33
3070	2.612262211	35
3071	2.613113111	26
3072	2.61396401	27
3073	2.61481491	31
3074	2.61566581	27
3075	2.61651671	31
3076	2.617367609	38
3077	2.618218509	31
3078	2.619069409	27
3079	2.619920308	34
3080	2.620771208	26
3081	2.621622108	30
3082	2.622473008	38
3083	2.623323907	33
3084	2.624174807	21
3085	2.625025707	29
3086	2.625876607	33
3087	2.626727506	20
3088	2.627578406	29
3089	2.628429306	34
3090	2.629280206	22
3091	2.630131105	21
3092	2.630982005	24
3093	2.631832905	22
3094	2.632683805	29
3095	2.633534704	28
3096	2.634385604	27
3097	2.635236504	19
3098	2.636087404	16
3099	2.636938303	22
3100	2.637789203	22
3101	2.638640103	30
3102	2.639491003	13
3103	2.640341902	17
3104	2.641192802	21
3105	2.642043702	15
3106	2.642894602	17
3107	2.643745501	20
3108	2.644596401	12
3109	2.645447301	22
3110	2.646298201	22
3111	2.6471491	26
3112	2.648	14
3113	2.6488509	18
3114	2.649701799	18
3115	2.650552699	16
3116	2.651403599	20
3117	2.652254499	8
3118	2.653105398	17
3119	2.653956298	13
3120	2.654807198	19
3121	2.655658098	21
3122	2.656508997	13
3123	2.657359897	15
3124	2.658210797	15
3125	2.659061697	14
3126	2.659912596	9
3127	2.660763496	11
3128	2.661614396	15
3129	2.662465296	12
3130	2.663316195	18
3131	2.664167095	16
3132	2.665017995	18
3133	2.665868895	21
3134	2.666719794	18
3135	2.667570694	15
3136	2.668421594	15
3137	2.669272494	18
3138	2.670123393	10
3139	2.670974293	17
3140	2.671825193	12
3141	2.672676093	8
3142	2.673526992	10
3143	2.674377892	8
3144	2.675228792	5
3145	2.676079692	11
3146	2.676930591	5
3147	2.677781491	7
3148	2.678632391	10
3149	2.67948329	7
3150	2.68033419	7
3151	2.68118509	7
3152	2.68203599	8
3153	2.682886889	5
3154	2.683737789	8
3155	2.684588689	6
3156	2.685439589	11
3157	2.686290488	5
3158	2.687141388	9
3159	2.687992288	9
3160	2.688843188	10
3161	2.689694087	8
3162	2.690544987	15
3163	2.691395887	10
3164	2.692246787	8
3165	2.693097686	3
3166	2.693948586	7
3167	2.694799486	13
3168	2.695650386	7
3169	2.696501285	4
3170	2.697352185	9
3171	2.698203085	5
3172	2.699053985	4
3173	2.699904884	9
3174	2.700755784	7
3175	2.701606684	8
3176	2.702457584	6
3177	2.703308483	7
3178	2.704159383	4
3179	2.705010283	8
3180	2.705861183	6
3181	2.706712082	6
3182	2.707562982	2
3183	2.708413882	5
3184	2.709264781	7
3185	2.710115681	4
3186	2.710966581	5
3187	2.711817481	7
3188	2.71266838	5
3189	2.71351928	2
3190	2.71437018	5
3191	2.71522108	7
3192	2.716071979	9
3193	2.716922879	7
3194	2.717773779	4
3195	2.718624679	8
3196	2.719475578	6
3197	2.720326478	4
3198	2.721177378	4
3199	2.722028278	10
3200	2.722879177	5
3201	2.723730077	2
3202	2.724580977	7
3203	2.725431877	6
3204	2.726282776	11
3205	2.727133676	9
3206	2.727984576	6
3207	2.728835476	1
3208	2.729686375	1
3209	2.730537275	6
3210	2.731388175	5
3211	2.732239075	3
3212	2.733089974	3
3213	2.733940874	4
3214	2.734791774	4
3215	2.735642674	5
3216	2.736493573	3
3217	2.737344473	3
3218	2.738195373	3
3219	2.739046272	0
3220	2.739897172	3
3221	2.740748072	3
3222	2.741598972	8
3223	2.742449871	3
3224	2.743300771	5
3225	2.744151671	5
3226	2.745002571	3
3227	2.74585347	1
3228	2.74670437	4
3229	2.74755527	9
3230	2.74840617	2
3231	2.749257069	1
3232	2.750107969	2
3233	2.750958869	5
3234	2.751809769	3
3235	2.752660668	1
3236	2.753511568	5
3237	2.754362468	5
3238	2.755213368	6
3239	2.756064267	5
3240	2.756915167	4
3241	2.757766067	5
3242	2.758616967	4
3243	2.759467866	5
3244	2.760318766	5
3245	2.761169666	0
3246	2.762020566	4
3247	2.762871465	1
3248	2.763722365	1
3249	2.764573265	6
3250	2.765424165	2
3251	2.766275064	3
3252	2.767125964	3
3253	2.767976864	8
3254	2.768827763	8
3255	2.769678663	6
3256	2.770529563	6
3257	2.771380463	3
3258	2.772231362	1
3259	2.773082262	6
3260	2.773933162	8
3261	2.774784062	7
3262	2.775634961	3
3263	2.776485861	5
3264	2.777336761	3
3265	2.778187661	4
3266	2.77903856	3
3267	2.77988946	4
3268	2.78074036	5
3269	2.78159126	3
3270	2.782442159	4
3271	2.783293059	3
3272	2.784143959	5
3273	2.784994859	5
3274	2.785845758	7
3275	2.786696658	5
3276	2.787547558	6
3277	2.788398458	7
3278	2.789249357	3
3279	2.790100257	2
3280	2.790951157	6
3281	2.791802057	4
3282	2.792652956	4
3283	2.793503856	4
3284	2.794354756	5
3285	2.795205656	4
3286	2.796056555	8
3287	2.796907455	2
3288	2.797758355	5
3289	2.798609254	3
3290	2.799460154	8
3291	2.800311054	1
3292	2.801161954	6
3293	2.802012853	0
3294	2.802863753	4
3295	2.803714653	3
3296	2.804565553	4
3297	2.805416452	2
3298	2.806267352	7
3299	2.807118252	4
3300	2.807969152	3
3301	2.808820051	8
3302	2.809670951	5
3303	2.810521851	5
3304	2.811372751	2
3305	2.81222365	7
3306	2.81307455	4
3307	2.81392545	3
3308	2.81477635	5
3309	2.815627249	3
3310	2.816478149	6
3311	2.817329049	2
3312	2.818179949	6
3313	2.819030848	5
3314	2.819881748	4
3315	2.820732648	1
3316	2.821583548	5
3317	2.822434447	2
3318	2.823285347	6
3319	2.824136247	2
3320	2.824987147	2
3321	2.825838046	7
3322	2.826688946	1
3323	2.827539846	5
3324	2.828390746	3
3325	2.829241645	6
3326	2.830092545	4
3327	2.830943445	4
3328	2.831794344	3
3329	2.832645244	2
3330	2.833496144	6
3331	2.834347044	2
3332	2.835197943	2
3333	2.836048843	3
3334	2.836899743	3
3335	2.837750643	5
3336	2.838601542	0
3337	2.839452442	3
3338	2.840303342	4
3339	2.841154242	8
3340	2.842005141	1
3341	2.842856041	2
3342	2.843706941	3
3343	2.844557841	1
3344	2.84540874	3
3345	2.84625964	6
3346	2.84711054	4
3347	2.84796144	3
3348	2.848812339	4
3349	2.849663239	2
3350	2.850514139	4
3351	2.851365039	2
3352	2.852215938	4
3353	2.853066838	3
3354	2.853917738	5
3355	2.854768638	5
3356	2.855619537	1
3357	2.856470437	4
3358	2.857321337	7
3359	2.858172237	1
3360	2.859023136	1
3361	2.859874036	4
3362	2.860724936	2
3363	2.861575835	6
3364	2.862426735	5
3365	2.863277635	9
3366	2.864128535	1
3367	2.864979434	4
3368	2.865830334	2
3369	2.866681234	0
3370	2.867532134	2
3371	2.868383033	6
3372	2.869233933	3
3373	2.870084833	4
3374	2.870935733	8
3375	2.871786632	5
3376	2.872637532	5
3377	2.873488432	3
3378	2.874339332	6
3379	2.875190231	5
3380	2.876041131	1
3381	2.876892031	2
3382	2.877742931	4
3383	2.87859383	2
3384	2.87944473	3
3385	2.88029563	8
3386	2.88114653	8
3387	2.881997429	6
3388	2.882848329	5
3389	2.883699229	5
3390	2.884550129	0
3391	2.885401028	4
3392	2.886251928	2
3393	2.887102828	5
3394	2.887953728	5
3395	2.888804627	4
3396	2.889655527	3
3397	2.890506427	1
3398	2.891357326	6
3399	2.892208226	4
3400	2.893059126	4
3401	2.893910026	3
3402	2.894760925	6
3403	2.895611825	1
3404	2.896462725	4
3405	2.897313625	3
3406	2.898164524	8
3407	2.899015424	5
3408	2.899866324	2
3409	2.900717224	3
3410	2.901568123	6
3411	2.902419023	3
3412	2.903269923	4
3413	2.904120823	5
3414	2.904971722	1
3415	2.905822622	2
3416	2.906673522	1
3417	2.907524422	2
3418	2.908375321	0
3419	2.909226221	2
3420	2.910077121	1
3421	2.910928021	4
3422	2.91177892	4
3423	2.91262982	6
3424	2.91348072	7
3425	2.91433162	3
3426	2.915182519	7
3427	2.916033419	6
3428	2.916884319	3
3429	2.917735219	2
3430	2.918586118	1
3431	2.919437018	4
3432	2.920287918	1
3433	2.921138817	4
3434	2.921989717	4
3435	2.922840617	2
3436	2.923691517	0
3437	2.924542416	8
3438	2.925393316	4
3439	2.926244216	2
3440	2.927095116	5
3441	2.927946015	7
3442	2.928796915	5
3443	2.929647815	1
3444	2.930498715	3
3445	2.931349614	1
3446	2.932200514	3
3447	2.933051414	4
3448	2.933902314	7
3449	2.934753213	2
3450	2.935604113	7
3451	2.936455013	7
3452	2.937305913	1
3453	2.938156812	7
3454	2.939007712	5
3455	2.939858612	6
3456	2.940709512	1
3457	2.941560411	2
3458	2.942411311	4
3459	2.943262211	1
3460	2.944113111	3
3461	2.94496401	5
3462	2.94581491	2
3463	2.94666581	1
3464	2.94751671	5
3465	2.948367609	4
3466	2.949218509	3
3467	2.950069409	5
3468	2.950920308	4
3469	2.951771208	4
3470	2.952622108	6
3471	2.953473008	2
3472	2.954323907	2
3473	2.955174807	4
3474	2.956025707	8
3475	2.956876607	7
3476	2.957727506	1
3477	2.958578406	5
3478	2.959429306	6
3479	2.960280206	5
3480	2.961131105	4
3481	2.961982005	4
3482	2.962832905	6
3483	2.963683805	3
3484	2.964534704	2
3485	2.965385604	4
3486	2.966236504	1
3487	2.967087404	3
3488	2.967938303	8
3489	2.968789203	5
3490	2.969640103	2
3491	2.970491003	3
3492	2.971341902	7
3493	2.972192802	7
3494	2.973043702	3
3495	2.973894602	2
3496	2.974745501	3
3497	2.975596401	4
3498	2.976447301	4
3499	2.977298201	2
3500	2.9781491	3
3501	2.979	1
3502	2.9798509	4
3503	2.980701799	3
3504	2.981552699	0
3505	2.982403599	3
3506	2.983254499	3
3507	2.984105398	4
3508	2.984956298	1
3509	2.985807198	3
3510	2.986658098	2
3511	2.987508997	2
3512	2.988359897	5
3513	2.989210797	3
3514	2.990061697	1
3515	2.990912596	5
3516	2.991763496	2
3517	2.992614396	5
3518	2.993465296	2
3519	2.994316195	2
3520	2.995167095	2
3521	2.996017995	3
3522	2.996868895	6
3523	2.997719794	4
3524	2.998570694	1
3525	2.999421594	4
3526	3.000272494	5
3527	3.001123393	4
3528	3.001974293	2
3529	3.002825193	2
3530	3.003676093	2
3531	3.004526992	2
3532	3.005377892	4
3533	3.006228792	3
3534	3.007079692	3
3535	3.007930591	1
3536	3.008781491	2
3537	3.009632391	8
3538	3.01048329	3
3539	3.01133419	3
3540	3.01218509	3
3541	3.01303599	3
3542	3.013886889	3
3543	3.014737789	7
3544	3.015588689	2
3545	3.016439589	5
3546	3.017290488	5
3547	3.018141388	5
3548	3.018992288	1
3549	3.019843188	6
3550	3.020694087	6
3551	3.021544987	3
3552	3.022395887	4
3553	3.023246787	5
3554	3.024097686	6
3555	3.024948586	1
3556	3.025799486	4
3557	3.026650386	3
3558	3.027501285	4
3559	3.028352185	4
3560	3.029203085	3
3561	3.030053985	8
3562	3.030904884	3
3563	3.031755784	6
3564	3.032606684	2
3565	3.033457584	3
3566	3.034308483	3
3567	3.035159383	1
3568	3.036010283	7
3569	3.036861183	6
3570	3.037712082	4
3571	3.038562982	1
3572	3.039413882	3
3573	3.040264781	5
3574	3.041115681	2
3575	3.041966581	0
3576	3.042817481	3
3577	3.04366838	3
3578	3.04451928	2
3579	3.04537018	5
3580	3.04622108	2
3581	3.047071979	8
3582	3.047922879	6
3583	3.048773779	4
3584	3.049624679	3
3585	3.050475578	5
3586	3.051326478	5
3587	3.052177378	3
3588	3.053028278	3
3589	3.053879177	2
3590	3.054730077	3
3591	3.055580977	2
3592	3.056431877	3
3593	3.057282776	2
3594	3.058133676	3
3595	3.058984576	2
3596	3.059835476	0
3597	3.060686375	3
3598	3.061537275	4
3599	3.062388175	6
3600	3.063239075	5
3601	3.064089974	3
3602	3.064940874	3
3603	3.065791774	4
3604	3.066642674	4
3605	3.067493573	4
3606	3.068344473	5
3607	3.069195373	4
3608	3.070046272	4
3609	3.070897172	3
3610	3.071748072	4
3611	3.072598972	6
3612	3.073449871	4
3613	3.074300771	3
3614	3.075151671	5
3615	3.076002571	4
3616	3.07685347	2
3617	3.07770437	1
3618	3.07855527	1
3619	3.07940617	6
3620	3.080257069	4
3621	3.081107969	2
3622	3.081958869	0
3623	3.082809769	6
3624	3.083660668	5
3625	3.084511568	2
3626	3.085362468	1
3627	3.086213368	4
3628	3.087064267	5
3629	3.087915167	3
3630	3.088766067	3
3631	3.089616967	3
3632	3.090467866	3
3633	3.091318766	1
3634	3.092169666	5
3635	3.093020566	3
3636	3.093871465	3
3637	3.094722365	5
3638	3.095573265	1
3639	3.096424165	1
3640	3.097275064	5
3641	3.098125964	2
3642	3.098976864	5
3643	3.099827763	2
3644	3.100678663	3
3645	3.101529563	2
3646	3.102380463	1
3647	3.103231362	3
3648	3.104082262	3
3649	3.104933162	6
3650	3.105784062	6
3651	3.106634961	5
3652	3.107485861	5
3653	3.108336761	5
3654	3.109187661	5
3655	3.11003856	5
3656	3.11088946	6
3657	3.11174036	4
3658	3.11259126	3
3659	3.113442159	2
3660	3.114293059	1
3661	3.115143959	2
3662	3.115994859	4
3663	3.116845758	2
3664	3.117696658	1
3665	3.118547558	2
3666	3.119398458	1
3667	3.120249357	1
3668	3.121100257	3
3669	3.121951157	5
3670	3.122802057	3
3671	3.123652956	1
3672	3.124503856	4
3673	3.125354756	3
3674	3.126205656	3
3675	3.127056555	3
3676	3.127907455	5
3677	3.128758355	6
3678	3.129609254	2
3679	3.130460154	5
3680	3.131311054	1
3681	3.132161954	5
3682	3.133012853	0
3683	3.133863753	4
3684	3.134714653	6
3685	3.135565553	1
3686	3.136416452	1
3687	3.137267352	2
3688	3.138118252	3
3689	3.138969152	2
3690	3.139820051	4
3691	3.140670951	4
3692	3.141521851	1
3693	3.142372751	4
3694	3.14322365	4
3695	3.14407455	7
3696	3.14492545	4
3697	3.14577635	2
3698	3.146627249	4
3699	3.147478149	2
3700	3.148329049	5
3701	3.149179949	2
3702	3.150030848	5
3703	3.150881748	4
3704	3.151732648	3
3705	3.152583548	6
3706	3.153434447	2
3707	3.154285347	5
3708	3.155136247	4
3709	3.155987147	4
3710	3.156838046	3
3711	3.157688946	4
3712	3.158539846	3
3713	3.159390746	5
3714	3.160241645	3
3715	3.161092545	5
3716	3.161943445	2
3717	3.162794344	2
3718	3.163645244	2
3719	3.164496144	4
3720	3.165347044	1
3721	3.166197943	4
3722	3.167048843	1
3723	3.167899743	4
3724	3.168750643	5
3725	3.169601542	2
3726	3.170452442	7
3727	3.171303342	4
3728	3.172154242	5
3729	3.173005141	3
3730	3.173856041	3
3731	3.174706941	2
3732	3.175557841	6
3733	3.17640874	4
3734	3.17725964	1
3735	3.17811054	7
3736	3.17896144	2
3737	3.179812339	4
3738	3.180663239	4
3739	3.181514139	2
3740	3.182365039	4
3741	3.183215938	2
3742	3.184066838	3
3743	3.184917738	6
3744	3.185768638	3
3745	3.186619537	2
3746	3.187470437	4
3747	3.188321337	4
3748	3.189172237	3
3749	3.190023136	6
3750	3.190874036	2
3751	3.191724936	2
3752	3.192575835	4
3753	3.193426735	2
3754	3.194277635	4
3755	3.195128535	3
3756	3.195979434	3
3757	3.196830334	4
3758	3.197681234	2
3759	3.198532134	5
3760	3.199383033	3
3761	3.200233933	1
3762	3.201084833	3
3763	3.201935733	1
3764	3.202786632	4
3765	3.203637532	4
3766	3.204488432	2
3767	3.205339332	1
3768	3.206190231	2
3769	3.207041131	5
3770	3.207892031	7
3771	3.208742931	4
3772	3.20959383	4
3773	3.21044473	3
3774	3.21129563	5
3775	3.21214653	4
3776	3.212997429	2
3777	3.213848329	6
3778	3.214699229	6
3779	3.215550129	3
3780	3.216401028	4
3781	3.217251928	3
3782	3.218102828	1
3783	3.218953728	2
3784	3.219804627	1
3785	3.220655527	6
3786	3.221506427	4
3787	3.222357326	2
3788	3.223208226	1
3789	3.224059126	8
3790	3.224910026	5
3791	3.225760925	4
3792	3.226611825	3
3793	3.227462725	0
3794	3.228313625	4
3795	3.229164524	3
3796	3.230015424	6
3797	3.230866324	0
3798	3.231717224	2
3799	3.232568123	4
3800	3.233419023	4
3801	3.234269923	2
3802	3.235120823	3
3803	3.235971722	4
3804	3.236822622	4
3805	3.237673522	3
3806	3.238524422	5
3807	3.239375321	2
3808	3.240226221	3
3809	3.241077121	3
3810	3.241928021	0
3811	3.24277892	1
3812	3.24362982	3
3813	3.24448072	2
3814	3.24533162	1
3815	3.246182519	7
3816	3.247033419	3
3817	3.247884319	0
3818	3.248735219	6
3819	3.249586118	4
3820	3.250437018	5
3821	3.251287918	2
3822	3.252138817	1
3823	3.252989717	4
3824	3.253840617	4
3825	3.254691517	2
3826	3.255542416	4
3827	3.256393316	5
3828	3.257244216	5
3829	3.258095116	6
3830	3.258946015	2
3831	3.259796915	4
3832	3.260647815	1
3833	3.261498715	2
3834	3.262349614	4
3835	3.263200514	3
3836	3.264051414	1
3837	3.264902314	1
3838	3.265753213	2
3839	3.266604113	0
3840	3.267455013	6
3841	3.268305913	1
3842	3.269156812	5
3843	3.270007712	2
3844	3.270858612	5
3845	3.271709512	4
3846	3.272560411	6
3847	3.273411311	5
3848	3.274262211	2
3849	3.275113111	8
3850	3.27596401	2
3851	3.27681491	2
3852	3.27766581	5
3853	3.27851671	0
3854	3.279367609	2
3855	3.280218509	6
3856	3.281069409	3
3857	3.281920308	5
3858	3.282771208	3
3859	3.283622108	7
3860	3.284473008	1
3861	3.285323907	3
3862	3.286174807	5
3863	3.287025707	5
3864	3.287876607	7
3865	3.288727506	6
3866	3.289578406	3
3867	3.290429306	2
3868	3.291280206	2
3869	3.292131105	5
3870	3.292982005	4
3871	3.293832905	4
3872	3.294683805	6
3873	3.295534704	7
3874	3.296385604	5
3875	3.297236504	3
3876	3.298087404	5
3877	3.298938303	4
3878	3.299789203	3
3879	3.300640103	4
3880	3.301491003	4
3881	3.302341902	4
3882	3.303192802	4
3883	3.304043702	3
3884	3.304894602	4
3885	3.305745501	3
3886	3.306596401	2
3887	3.307447301	3
3888	3.308298201	2
3889	3.3091491	4
3890	3.31	2
3891	3.3108509	8
3892	3.311701799	5
3893	3.312552699	6
3894	3.313403599	4
3895	3.314254499	4
3896	3.315105398	5
3897	3.315956298	4
3898	3.316807198	3
3899	3.317658098	4
3900	3.318508997	1
3901	3.319359897	6
3902	3.320210797	6
3903	3.321061697	2
3904	3.321912596	2
3905	3.322763496	5
3906	3.323614396	5
3907	3.324465296	4
3908	3.325316195	4
3909	3.326167095	7
3910	3.327017995	6
3911	3.327868895	1
3912	3.328719794	2
3913	3.329570694	4
3914	3.330421594	6
3915	3.331272494	2
3916	3.332123393	3
3917	3.332974293	3
3918	3.333825193	2
3919	3.334676093	5
3920	3.335526992	6
3921	3.336377892	4
3922	3.337228792	0
3923	3.338079692	4
3924	3.338930591	1
3925	3.339781491	2
3926	3.340632391	3
3927	3.34148329	2
3928	3.34233419	2
3929	3.34318509	4
3930	3.34403599	2
3931	3.344886889	2
3932	3.345737789	2
3933	3.346588689	7
3934	3.347439589	3
3935	3.348290488	4
3936	3.349141388	3
3937	3.349992288	2
3938	3.350843188	4
3939	3.351694087	2
3940	3.352544987	1
3941	3.353395887	2
3942	3.354246787	3
3943	3.355097686	1
3944	3.355948586	3
3945	3.356799486	2
3946	3.357650386	6
3947	3.358501285	4
3948	3.359352185	1
3949	3.360203085	4
3950	3.361053985	4
3951	3.361904884	3
3952	3.362755784	5
3953	3.363606684	3
3954	3.364457584	3
3955	3.365308483	2
3956	3.366159383	2
3957	3.367010283	2
3958	3.367861183	3
3959	3.368712082	11
3960	3.369562982	3
3961	3.370413882	4
3962	3.371264781	4
3963	3.372115681	3
3964	3.372966581	0
3965	3.373817481	2
3966	3.37466838	2
3967	3.37551928	4
3968	3.37637018	6
3969	3.37722108	3
3970	3.378071979	2
3971	3.378922879	6
3972	3.379773779	2
3973	3.380624679	2
3974	3.381475578	5
3975	3.382326478	4
3976	3.383177378	2
3977	3.384028278	6
3978	3.384879177	0
3979	3.385730077	2
3980	3.386580977	2
3981	3.387431877	1
3982	3.388282776	2
3983	3.389133676	3
3984	3.389984576	5
3985	3.390835476	0
3986	3.391686375	4
3987	3.392537275	1
3988	3.393388175	5
3989	3.394239075	4
3990	3.395089974	3
3991	3.395940874	3
3992	3.396791774	4
3993	3.397642674	1
3994	3.398493573	4
3995	3.399344473	1
3996	3.400195373	4
3997	3.401046272	4
3998	3.401897172	3
3999	3.402748072	4
4000	3.403598972	4
4001	3.404449871	4
4002	3.405300771	3
4003	3.406151671	3
4004	3.407002571	5
4005	3.40785347	2
4006	3.40870437	4
4007	3.40955527	2
4008	3.41040617	4
4009	3.411257069	6
4010	3.412107969	4
4011	3.412958869	3
4012	3.413809769	3
4013	3.414660668	2
4014	3.415511568	1
4015	3.416362468	1
4016	3.417213368	2
4017	3.418064267	4
4018	3.418915167	4
4019	3.419766067	4
4020	3.420616967	2
4021	3.421467866	2
4022	3.422318766	3
4023	3.423169666	2
4024	3.424020566	4
4025	3.424871465	3
4026	3.425722365	3
4027	3.426573265	4
4028	3.427424165	6
4029	3.428275064	2
4030	3.429125964	6
4031	3.429976864	5
4032	3.430827763	4
4033	3.431678663	6
4034	3.432529563	2
4035	3.433380463	4
4036	3.434231362	0
4037	3.435082262	9
4038	3.435933162	4
4039	3.436784062	2
4040	3.437634961	6
4041	3.438485861	6
4042	3.439336761	3
4043	3.440187661	4
4044	3.44103856	2
4045	3.44188946	4
4046	3.44274036	3
4047	3.44359126	3
4048	3.444442159	2
4049	3.445293059	1
4050	3.446143959	5
4051	3.446994859	2
4052	3.447845758	1
4053	3.448696658	5
4054	3.449547558	4
4055	3.450398458	3
4056	3.451249357	2
4057	3.452100257	4
4058	3.452951157	5
4059	3.453802057	2
4060	3.454652956	0
4061	3.455503856	4
4062	3.456354756	1
4063	3.457205656	5
4064	3.458056555	4
4065	3.458907455	3
4066	3.459758355	3
4067	3.460609254	4
4068	3.461460154	4
4069	3.462311054	1
4070	3.463161954	4
4071	3.464012853	5
4072	3.464863753	4
4073	3.465714653	1
4074	3.466565553	1
4075	3.467416452	6
4076	3.468267352	4
4077	3.469118252	3
4078	3.469969152	1
4079	3.470820051	2
4080	3.471670951	1
4081	3.472521851	2
4082	3.473372751	3
4083	3.47422365	4
4084	3.47507455	2
4085	3.47592545	3
4086	3.47677635	6
4087	3.477627249	4
4088	3.478478149	3
4089	3.479329049	5
4090	3.480179949	0
4091	3.481030848	3
4092	3.481881748	3
4093	3.482732648	2
4094	3.483583548	2
4095	3.484434447	2
