0	0	0
1	8.51E-04	0
2	0.001701799486	0
3	0.002552699229	1
4	0.003403598972	1
5	0.004254498715	2
6	0.005105398458	0
7	0.005956298201	5
8	0.006807197943	8
9	0.007658097686	5
10	0.008508997429	9
11	0.009359897172	12
12	0.01021079692	15
13	0.01106169666	18
14	0.0119125964	18
15	0.01276349614	23
16	0.01361439589	41
17	0.01446529563	86
18	0.01531619537	475
19	0.01616709512	1619
20	0.01701799486	2330
21	0.0178688946	1742
22	0.01871979434	1817
23	0.01957069409	1578
24	0.02042159383	1631
25	0.02127249357	2011
26	0.02212339332	3460
27	0.02297429306	9335
28	0.0238251928	18218
29	0.02467609254	35571
30	0.02552699229	68094
31	0.02637789203	63274
32	0.02722879177	55542
33	0.02807969152	57430
34	0.02893059126	242859
35	0.029781491	4136904
36	0.03063239075	3347762
37	0.03148329049	824257
38	0.03233419023	24305
39	0.03318508997	19383
40	0.03403598972	19672
41	0.03488688946	20143
42	0.0357377892	20504
43	0.03658868895	20882
44	0.03743958869	21329
45	0.03829048843	21917
46	0.03914138817	22232
47	0.03999228792	23533
48	0.04084318766	23365
49	0.0416940874	22583
50	0.04254498715	22311
51	0.04339588689	21602
52	0.04424678663	21443
53	0.04509768638	20909
54	0.04594858612	20357
55	0.04679948586	20285
56	0.0476503856	19942
57	0.04850128535	19883
58	0.04935218509	19590
59	0.05020308483	19619
60	0.05105398458	19329
61	0.05190488432	19359
62	0.05275578406	19365
63	0.0536066838	18788
64	0.05445758355	20035
65	0.05530848329	20209
66	0.05615938303	20150
67	0.05701028278	20563
68	0.05786118252	21130
69	0.05871208226	21654
70	0.05956298201	21895
71	0.06041388175	22073
72	0.06126478149	22175
73	0.06211568123	22559
74	0.06296658098	23307
75	0.06381748072	23119
76	0.06466838046	23201
77	0.06551928021	23095
78	0.06637017995	23130
79	0.06722107969	23387
80	0.06807197943	23571
81	0.06892287918	23238
82	0.06977377892	23080
83	0.07062467866	23301
84	0.07147557841	23271
85	0.07232647815	23563
86	0.07317737789	23762
87	0.07402827763	23977
88	0.07487917738	23589
89	0.07573007712	23953
90	0.07658097686	23759
91	0.07743187661	23974
92	0.07828277635	23679
93	0.07913367609	23859
94	0.07998457584	23634
95	0.08083547558	23121
96	0.08168637532	23681
97	0.08253727506	23665
98	0.08338817481	23707
99	0.08423907455	23534
100	0.08508997429	23770
101	0.08594087404	23722
102	0.08679177378	23794
103	0.08764267352	24027
104	0.08849357326	23468
105	0.08934447301	23468
106	0.09019537275	23457
107	0.09104627249	23516
108	0.09189717224	23637
109	0.09274807198	23659
110	0.09359897172	23678
111	0.09444987147	23775
112	0.09530077121	23311
113	0.09615167095	23597
114	0.09700257069	23432
115	0.09785347044	23952
116	0.09870437018	23402
117	0.09955526992	23614
118	0.1004061697	23789
119	0.1012570694	23775
120	0.1021079692	24006
121	0.1029588689	23847
122	0.1038097686	24064
123	0.1046606684	24228
124	0.1055115681	24352
125	0.1063624679	24195
126	0.1072133676	24504
127	0.1080642674	23092
128	0.1089151671	24361
129	0.1097660668	24078
130	0.1106169666	24284
131	0.1114678663	24278
132	0.1123187661	24305
133	0.1131696658	24000
134	0.1140205656	24303
135	0.1148714653	24255
136	0.115722365	24036
137	0.1165732648	23841
138	0.1174241645	24040
139	0.1182750643	23825
140	0.119125964	23865
141	0.1199768638	23992
142	0.1208277635	23388
143	0.1216786632	23282
144	0.122529563	23319
145	0.1233804627	23258
146	0.1242313625	23335
147	0.1250822622	23055
148	0.125933162	22882
149	0.1267840617	22439
150	0.1276349614	22591
151	0.1284858612	22476
152	0.1293367609	22259
153	0.1301876607	22403
154	0.1310385604	21974
155	0.1318894602	21964
156	0.1327403599	21952
157	0.1335912596	21706
158	0.1344421594	21590
159	0.1352930591	21185
160	0.1361439589	21207
161	0.1369948586	21598
162	0.1378457584	20965
163	0.1386966581	20737
164	0.1395475578	20856
165	0.1403984576	20700
166	0.1412493573	20656
167	0.1421002571	20493
168	0.1429511568	20208
169	0.1438020566	20376
170	0.1446529563	20051
171	0.145503856	19993
172	0.1463547558	19768
173	0.1472056555	19851
174	0.1480565553	19820
175	0.148907455	19250
176	0.1497583548	19459
177	0.1506092545	19190
178	0.1514601542	19117
179	0.152311054	18981
180	0.1531619537	19004
181	0.1540128535	18416
182	0.1548637532	18634
183	0.155714653	18626
184	0.1565655527	18354
185	0.1574164524	18334
186	0.1582673522	18087
187	0.1591182519	18002
188	0.1599691517	17836
189	0.1608200514	17845
190	0.1616709512	17634
191	0.1625218509	17027
192	0.1633727506	17220
193	0.1642236504	17299
194	0.1650745501	17459
195	0.1659254499	17145
196	0.1667763496	17002
197	0.1676272494	17173
198	0.1684781491	16840
199	0.1693290488	16627
200	0.1701799486	16579
201	0.1710308483	16652
202	0.1718817481	16425
203	0.1727326478	16348
204	0.1735835476	16215
205	0.1744344473	16262
206	0.175285347	15906
207	0.1761362468	16012
208	0.1769871465	15900
209	0.1778380463	15833
210	0.178688946	15811
211	0.1795398458	15657
212	0.1803907455	15605
213	0.1812416452	15705
214	0.182092545	15312
215	0.1829434447	15418
216	0.1837943445	15120
217	0.1846452442	15247
218	0.185496144	15067
219	0.1863470437	15167
220	0.1871979434	14765
221	0.1880488432	14653
222	0.1888997429	14544
223	0.1897506427	14411
224	0.1906015424	14364
225	0.1914524422	14447
226	0.1923033419	14214
227	0.1931542416	14006
228	0.1940051414	13860
229	0.1948560411	14044
230	0.1957069409	13931
231	0.1965578406	13844
232	0.1974087404	13780
233	0.1982596401	13784
234	0.1991105398	13820
235	0.1999614396	13578
236	0.2008123393	13309
237	0.2016632391	13303
238	0.2025141388	13345
239	0.2033650386	13276
240	0.2042159383	12925
241	0.205066838	13010
242	0.2059177378	12945
243	0.2067686375	12828
244	0.2076195373	12907
245	0.208470437	12785
246	0.2093213368	12711
247	0.2101722365	12462
248	0.2110231362	12487
249	0.211874036	12511
250	0.2127249357	12323
251	0.2135758355	12412
252	0.2144267352	12245
253	0.215277635	12192
254	0.2161285347	12228
255	0.2169794344	11517
256	0.2178303342	12247
257	0.2186812339	11944
258	0.2195321337	11897
259	0.2203830334	11852
260	0.2212339332	11911
261	0.2220848329	11726
262	0.2229357326	11765
263	0.2237866324	11530
264	0.2246375321	11871
265	0.2254884319	11654
266	0.2263393316	11725
267	0.2271902314	11760
268	0.2280411311	11461
269	0.2288920308	11504
270	0.2297429306	11294
271	0.2305938303	11133
272	0.2314447301	11430
273	0.2322956298	11153
274	0.2331465296	11077
275	0.2339974293	11177
276	0.234848329	10907
277	0.2356992288	11045
278	0.2365501285	10833
279	0.2374010283	10821
280	0.238251928	10823
281	0.2391028278	10582
282	0.2399537275	10242
283	0.2408046272	10525
284	0.241655527	10594
285	0.2425064267	10264
286	0.2433573265	10254
287	0.2442082262	9795
288	0.245059126	10043
289	0.2459100257	9885
290	0.2467609254	9874
291	0.2476118252	9807
292	0.2484627249	9590
293	0.2493136247	9710
294	0.2501645244	9525
295	0.2510154242	9469
296	0.2518663239	9274
297	0.2527172237	9308
298	0.2535681234	9094
299	0.2544190231	8915
300	0.2552699229	8823
301	0.2561208226	8995
302	0.2569717224	8627
303	0.2578226221	8613
304	0.2586735219	8630
305	0.2595244216	8647
306	0.2603753213	8455
307	0.2612262211	8340
308	0.2620771208	8304
309	0.2629280206	8399
310	0.2637789203	8108
311	0.2646298201	8129
312	0.2654807198	8264
313	0.2663316195	8053
314	0.2671825193	8108
315	0.268033419	8056
316	0.2688843188	7857
317	0.2697352185	7995
318	0.2705861183	7820
319	0.271437018	7672
320	0.2722879177	7602
321	0.2731388175	7854
322	0.2739897172	7612
323	0.274840617	7546
324	0.2756915167	7755
325	0.2765424165	7340
326	0.2773933162	7724
327	0.2782442159	7534
328	0.2790951157	7372
329	0.2799460154	7311
330	0.2807969152	7305
331	0.2816478149	7454
332	0.2824987147	7250
333	0.2833496144	7325
334	0.2842005141	7221
335	0.2850514139	7184
336	0.2859023136	7174
337	0.2867532134	7158
338	0.2876041131	6998
339	0.2884550129	6926
340	0.2893059126	6982
341	0.2901568123	6910
342	0.2910077121	7003
343	0.2918586118	6961
344	0.2927095116	6907
345	0.2935604113	6904
346	0.2944113111	6813
347	0.2952622108	6607
348	0.2961131105	6849
349	0.2969640103	6861
350	0.29781491	6676
351	0.2986658098	6594
352	0.2995167095	6567
353	0.3003676093	6497
354	0.301218509	6538
355	0.3020694087	6489
356	0.3029203085	6473
357	0.3037712082	6398
358	0.304622108	6397
359	0.3054730077	6207
360	0.3063239075	6176
361	0.3071748072	6172
362	0.3080257069	6143
363	0.3088766067	6108
364	0.3097275064	6010
365	0.3105784062	6008
366	0.3114293059	6085
367	0.3122802057	6047
368	0.3131311054	5929
369	0.3139820051	5970
370	0.3148329049	5876
371	0.3156838046	5918
372	0.3165347044	5796
373	0.3173856041	5807
374	0.3182365039	5753
375	0.3190874036	5740
376	0.3199383033	5684
377	0.3207892031	5631
378	0.3216401028	5688
379	0.3224910026	5606
380	0.3233419023	5645
381	0.3241928021	5649
382	0.3250437018	5586
383	0.3258946015	5381
384	0.3267455013	5549
385	0.327596401	5549
386	0.3284473008	5313
387	0.3292982005	5478
388	0.3301491003	5467
389	0.331	5325
390	0.3318508997	5439
391	0.3327017995	5351
392	0.3335526992	5442
393	0.334403599	5429
394	0.3352544987	5219
395	0.3361053985	5511
396	0.3369562982	5214
397	0.3378071979	5327
398	0.3386580977	5385
399	0.3395089974	5388
400	0.3403598972	5285
401	0.3412107969	5175
402	0.3420616967	5244
403	0.3429125964	5305
404	0.3437634961	5215
405	0.3446143959	5268
406	0.3454652956	5144
407	0.3463161954	5218
408	0.3471670951	5093
409	0.3480179949	5048
410	0.3488688946	5070
411	0.3497197943	5111
412	0.3505706941	5028
413	0.3514215938	5104
414	0.3522724936	4986
415	0.3531233933	5028
416	0.3539742931	4874
417	0.3548251928	4885
418	0.3556760925	4892
419	0.3565269923	4921
420	0.357377892	4769
421	0.3582287918	4698
422	0.3590796915	4723
423	0.3599305913	4769
424	0.360781491	4739
425	0.3616323907	4713
426	0.3624832905	4657
427	0.3633341902	4585
428	0.36418509	4510
429	0.3650359897	4524
430	0.3658868895	4496
431	0.3667377892	4426
432	0.3675886889	4467
433	0.3684395887	4512
434	0.3692904884	4387
435	0.3701413882	4346
436	0.3709922879	4350
437	0.3718431877	4235
438	0.3726940874	4343
439	0.3735449871	4298
440	0.3743958869	4194
441	0.3752467866	4153
442	0.3760976864	4111
443	0.3769485861	4127
444	0.3777994859	4103
445	0.3786503856	3981
446	0.3795012853	4121
447	0.3803521851	3949
448	0.3812030848	3929
449	0.3820539846	3884
450	0.3829048843	3859
451	0.3837557841	4048
452	0.3846066838	3876
453	0.3854575835	3798
454	0.3863084833	3868
455	0.387159383	3873
456	0.3880102828	3922
457	0.3888611825	3821
458	0.3897120823	3746
459	0.390562982	3842
460	0.3914138817	3726
461	0.3922647815	3723
462	0.3931156812	3706
463	0.393966581	3763
464	0.3948174807	3514
465	0.3956683805	3811
466	0.3965192802	3738
467	0.3973701799	3622
468	0.3982210797	3773
469	0.3990719794	3686
470	0.3999228792	3557
471	0.4007737789	3633
472	0.4016246787	3625
473	0.4024755784	3575
474	0.4033264781	3670
475	0.4041773779	3588
476	0.4050282776	3514
477	0.4058791774	3478
478	0.4067300771	3515
479	0.4075809769	3466
480	0.4084318766	3324
481	0.4092827763	3456
482	0.4101336761	3369
483	0.4109845758	3431
484	0.4118354756	3480
485	0.4126863753	3507
486	0.4135372751	3403
487	0.4143881748	3534
488	0.4152390746	3402
489	0.4160899743	3541
490	0.416940874	3507
491	0.4177917738	3288
492	0.4186426735	3228
493	0.4194935733	3348
494	0.420344473	3265
495	0.4211953728	3303
496	0.4220462725	3172
497	0.4228971722	3210
498	0.423748072	3215
499	0.4245989717	3319
500	0.4254498715	3213
501	0.4263007712	3190
502	0.427151671	3190
503	0.4280025707	3196
504	0.4288534704	3075
505	0.4297043702	3213
506	0.4305552699	3213
507	0.4314061697	3184
508	0.4322570694	2996
509	0.4331079692	3119
510	0.4339588689	3154
511	0.4348097686	2969
512	0.4356606684	3123
513	0.4365115681	3086
514	0.4373624679	3086
515	0.4382133676	3193
516	0.4390642674	3041
517	0.4399151671	3088
518	0.4407660668	2992
519	0.4416169666	3116
520	0.4424678663	3085
521	0.4433187661	3109
522	0.4441696658	2994
523	0.4450205656	3063
524	0.4458714653	2969
525	0.446722365	3038
526	0.4475732648	3009
527	0.4484241645	2859
528	0.4492750643	2910
529	0.450125964	2909
530	0.4509768638	2921
531	0.4518277635	2970
532	0.4526786632	2920
533	0.453529563	2800
534	0.4543804627	2884
535	0.4552313625	2845
536	0.4560822622	2830
537	0.456933162	2836
538	0.4577840617	2890
539	0.4586349614	2955
540	0.4594858612	2870
541	0.4603367609	2834
542	0.4611876607	2833
543	0.4620385604	2670
544	0.4628894602	2876
545	0.4637403599	2839
546	0.4645912596	2833
547	0.4654421594	2808
548	0.4662930591	2739
549	0.4671439589	2885
550	0.4679948586	2764
551	0.4688457584	2834
552	0.4696966581	2814
553	0.4705475578	2683
554	0.4713984576	2752
555	0.4722493573	2751
556	0.4731002571	2638
557	0.4739511568	2702
558	0.4748020566	2678
559	0.4756529563	2756
560	0.476503856	2604
561	0.4773547558	2780
562	0.4782056555	2754
563	0.4790565553	2740
564	0.479907455	2630
565	0.4807583548	2653
566	0.4816092545	2678
567	0.4824601542	2723
568	0.483311054	2663
569	0.4841619537	2665
570	0.4850128535	2675
571	0.4858637532	2650
572	0.486714653	2606
573	0.4875655527	2690
574	0.4884164524	2729
575	0.4892673522	2541
576	0.4901182519	2632
577	0.4909691517	2628
578	0.4918200514	2593
579	0.4926709512	2570
580	0.4935218509	2600
581	0.4943727506	2591
582	0.4952236504	2536
583	0.4960745501	2582
584	0.4969254499	2676
585	0.4977763496	2660
586	0.4986272494	2657
587	0.4994781491	2649
588	0.5003290488	2633
589	0.5011799486	2658
590	0.5020308483	2516
591	0.5028817481	2559
592	0.5037326478	2686
593	0.5045835476	2689
594	0.5054344473	2576
595	0.506285347	2660
596	0.5071362468	2628
597	0.5079871465	2621
598	0.5088380463	2563
599	0.509688946	2653
600	0.5105398458	2680
601	0.5113907455	2605
602	0.5122416452	2560
603	0.513092545	2646
604	0.5139434447	2536
605	0.5147943445	2643
606	0.5156452442	2627
607	0.516496144	2497
608	0.5173470437	2583
609	0.5181979434	2613
610	0.5190488432	2571
611	0.5198997429	2540
612	0.5207506427	2582
613	0.5216015424	2526
614	0.5224524422	2503
615	0.5233033419	2481
616	0.5241542416	2586
617	0.5250051414	2404
618	0.5258560411	2522
619	0.5267069409	2484
620	0.5275578406	2439
621	0.5284087404	2483
622	0.5292596401	2441
623	0.5301105398	2389
624	0.5309614396	2388
625	0.5318123393	2405
626	0.5326632391	2357
627	0.5335141388	2343
628	0.5343650386	2357
629	0.5352159383	2317
630	0.536066838	2253
631	0.5369177378	2369
632	0.5377686375	2300
633	0.5386195373	2367
634	0.539470437	2300
635	0.5403213368	2299
636	0.5411722365	2175
637	0.5420231362	2177
638	0.542874036	2261
639	0.5437249357	2118
640	0.5445758355	2202
641	0.5454267352	2134
642	0.546277635	2086
643	0.5471285347	2221
644	0.5479794344	2146
645	0.5488303342	2139
646	0.5496812339	2155
647	0.5505321337	2128
648	0.5513830334	2145
649	0.5522339332	2126
650	0.5530848329	2033
651	0.5539357326	2105
652	0.5547866324	2082
653	0.5556375321	2121
654	0.5564884319	2030
655	0.5573393316	2055
656	0.5581902314	2084
657	0.5590411311	2077
658	0.5598920308	1958
659	0.5607429306	2121
660	0.5615938303	2119
661	0.5624447301	2044
662	0.5632956298	1989
663	0.5641465296	2029
664	0.5649974293	2073
665	0.565848329	1961
666	0.5666992288	2019
667	0.5675501285	2003
668	0.5684010283	2111
669	0.569251928	1954
670	0.5701028278	1951
671	0.5709537275	2066
672	0.5718046272	2037
673	0.572655527	2055
674	0.5735064267	2091
675	0.5743573265	2062
676	0.5752082262	2098
677	0.576059126	2080
678	0.5769100257	2023
679	0.5777609254	2074
680	0.5786118252	2091
681	0.5794627249	1992
682	0.5803136247	2057
683	0.5811645244	2112
684	0.5820154242	2088
685	0.5828663239	2000
686	0.5837172237	2044
687	0.5845681234	2029
688	0.5854190231	2039
689	0.5862699229	2029
690	0.5871208226	2095
691	0.5879717224	2056
692	0.5888226221	2025
693	0.5896735219	2087
694	0.5905244216	2053
695	0.5913753213	2044
696	0.5922262211	2005
697	0.5930771208	2082
698	0.5939280206	2043
699	0.5947789203	2052
700	0.5956298201	1963
701	0.5964807198	1979
702	0.5973316195	2012
703	0.5981825193	1973
704	0.599033419	2037
705	0.5998843188	2011
706	0.6007352185	1990
707	0.6015861183	2000
708	0.602437018	2050
709	0.6032879177	2110
710	0.6041388175	2006
711	0.6049897172	2043
712	0.605840617	2021
713	0.6066915167	2054
714	0.6075424165	2074
715	0.6083933162	2044
716	0.6092442159	1981
717	0.6100951157	1933
718	0.6109460154	2002
719	0.6117969152	1989
720	0.6126478149	1983
721	0.6134987147	1983
722	0.6143496144	2057
723	0.6152005141	2015
724	0.6160514139	1898
725	0.6169023136	1927
726	0.6177532134	1991
727	0.6186041131	1963
728	0.6194550129	2022
729	0.6203059126	2005
730	0.6211568123	1811
731	0.6220077121	1914
732	0.6228586118	2080
733	0.6237095116	1973
734	0.6245604113	1963
735	0.6254113111	1905
736	0.6262622108	1860
737	0.6271131105	1946
738	0.6279640103	1905
739	0.62881491	1876
740	0.6296658098	1871
741	0.6305167095	1855
742	0.6313676093	1854
743	0.632218509	1929
744	0.6330694087	1939
745	0.6339203085	1837
746	0.6347712082	1891
747	0.635622108	1885
748	0.6364730077	1852
749	0.6373239075	1889
750	0.6381748072	1802
751	0.6390257069	1799
752	0.6398766067	1805
753	0.6407275064	1810
754	0.6415784062	1822
755	0.6424293059	1805
756	0.6432802057	1876
757	0.6441311054	1913
758	0.6449820051	1872
759	0.6458329049	1815
760	0.6466838046	1766
761	0.6475347044	1751
762	0.6483856041	1898
763	0.6492365039	1849
764	0.6500874036	1799
765	0.6509383033	1785
766	0.6517892031	1737
767	0.6526401028	1769
768	0.6534910026	1792
769	0.6543419023	1833
770	0.6551928021	1760
771	0.6560437018	1715
772	0.6568946015	1816
773	0.6577455013	1764
774	0.658596401	1875
775	0.6594473008	1785
776	0.6602982005	1690
777	0.6611491003	1780
778	0.662	1845
779	0.6628508997	1799
780	0.6637017995	1770
781	0.6645526992	1776
782	0.665403599	1766
783	0.6662544987	1709
784	0.6671053985	1762
785	0.6679562982	1803
786	0.6688071979	1808
787	0.6696580977	1755
788	0.6705089974	1787
789	0.6713598972	1795
790	0.6722107969	1786
791	0.6730616967	1763
792	0.6739125964	1723
793	0.6747634961	1676
794	0.6756143959	1677
795	0.6764652956	1673
796	0.6773161954	1641
797	0.6781670951	1723
798	0.6790179949	1694
799	0.6798688946	1592
800	0.6807197943	1641
801	0.6815706941	1600
802	0.6824215938	1615
803	0.6832724936	1679
804	0.6841233933	1606
805	0.6849742931	1608
806	0.6858251928	1597
807	0.6866760925	1510
808	0.6875269923	1562
809	0.688377892	1595
810	0.6892287918	1543
811	0.6900796915	1570
812	0.6909305913	1545
813	0.691781491	1537
814	0.6926323907	1485
815	0.6934832905	1524
816	0.6943341902	1539
817	0.69518509	1480
818	0.6960359897	1487
819	0.6968868895	1540
820	0.6977377892	1484
821	0.6985886889	1430
822	0.6994395887	1456
823	0.7002904884	1497
824	0.7011413882	1441
825	0.7019922879	1421
826	0.7028431877	1410
827	0.7036940874	1334
828	0.7045449871	1325
829	0.7053958869	1393
830	0.7062467866	1386
831	0.7070976864	1319
832	0.7079485861	1309
833	0.7087994859	1349
834	0.7096503856	1392
835	0.7105012853	1381
836	0.7113521851	1328
837	0.7122030848	1364
838	0.7130539846	1333
839	0.7139048843	1349
840	0.7147557841	1272
841	0.7156066838	1272
842	0.7164575835	1212
843	0.7173084833	1281
844	0.718159383	1264
845	0.7190102828	1310
846	0.7198611825	1255
847	0.7207120823	1330
848	0.721562982	1217
849	0.7224138817	1201
850	0.7232647815	1273
851	0.7241156812	1273
852	0.724966581	1299
853	0.7258174807	1287
854	0.7266683805	1263
855	0.7275192802	1284
856	0.7283701799	1203
857	0.7292210797	1238
858	0.7300719794	1142
859	0.7309228792	1220
860	0.7317737789	1244
861	0.7326246787	1216
862	0.7334755784	1212
863	0.7343264781	1166
864	0.7351773779	1211
865	0.7360282776	1219
866	0.7368791774	1233
867	0.7377300771	1178
868	0.7385809769	1174
869	0.7394318766	1197
870	0.7402827763	1246
871	0.7411336761	1218
872	0.7419845758	1222
873	0.7428354756	1195
874	0.7436863753	1205
875	0.7445372751	1136
876	0.7453881748	1187
877	0.7462390746	1209
878	0.7470899743	1172
879	0.747940874	1207
880	0.7487917738	1195
881	0.7496426735	1159
882	0.7504935733	1205
883	0.751344473	1160
884	0.7521953728	1213
885	0.7530462725	1144
886	0.7538971722	1170
887	0.754748072	1179
888	0.7555989717	1142
889	0.7564498715	1136
890	0.7573007712	1137
891	0.758151671	1138
892	0.7590025707	1182
893	0.7598534704	1186
894	0.7607043702	1101
895	0.7615552699	1098
896	0.7624061697	1186
897	0.7632570694	1149
898	0.7641079692	1149
899	0.7649588689	1091
900	0.7658097686	1113
901	0.7666606684	1167
902	0.7675115681	1135
903	0.7683624679	1165
904	0.7692133676	1092
905	0.7700642674	1142
906	0.7709151671	1172
907	0.7717660668	1189
908	0.7726169666	1212
909	0.7734678663	1136
910	0.7743187661	1154
911	0.7751696658	1138
912	0.7760205656	1130
913	0.7768714653	1150
914	0.777722365	1104
915	0.7785732648	1110
916	0.7794241645	1129
917	0.7802750643	1148
918	0.781125964	1151
919	0.7819768638	1039
920	0.7828277635	1125
921	0.7836786632	1113
922	0.784529563	1127
923	0.7853804627	1137
924	0.7862313625	1119
925	0.7870822622	1091
926	0.787933162	1120
927	0.7887840617	1060
928	0.7896349614	1147
929	0.7904858612	1047
930	0.7913367609	1143
931	0.7921876607	1114
932	0.7930385604	1087
933	0.7938894602	1147
934	0.7947403599	1118
935	0.7955912596	1083
936	0.7964421594	1060
937	0.7972930591	1062
938	0.7981439589	1073
939	0.7989948586	1096
940	0.7998457584	1164
941	0.8006966581	1102
942	0.8015475578	1113
943	0.8023984576	1067
944	0.8032493573	1092
945	0.8041002571	1019
946	0.8049511568	1123
947	0.8058020566	1053
948	0.8066529563	1041
949	0.807503856	1109
950	0.8083547558	1088
951	0.8092056555	1109
952	0.8100565553	1076
953	0.810907455	1124
954	0.8117583548	1087
955	0.8126092545	1056
956	0.8134601542	1023
957	0.814311054	1049
958	0.8151619537	1078
959	0.8160128535	1036
960	0.8168637532	992
961	0.817714653	1065
962	0.8185655527	1043
963	0.8194164524	1048
964	0.8202673522	1069
965	0.8211182519	1079
966	0.8219691517	1084
967	0.8228200514	1067
968	0.8236709512	1012
969	0.8245218509	1076
970	0.8253727506	1058
971	0.8262236504	954
972	0.8270745501	1040
973	0.8279254499	1056
974	0.8287763496	1006
975	0.8296272494	1013
976	0.8304781491	942
977	0.8313290488	1054
978	0.8321799486	1065
979	0.8330308483	990
980	0.8338817481	994
981	0.8347326478	1030
982	0.8355835476	978
983	0.8364344473	987
984	0.837285347	986
985	0.8381362468	1031
986	0.8389871465	986
987	0.8398380463	1001
988	0.840688946	998
989	0.8415398458	1035
990	0.8423907455	996
991	0.8432416452	1020
992	0.844092545	983
993	0.8449434447	1035
994	0.8457943445	1039
995	0.8466452442	1023
996	0.847496144	985
997	0.8483470437	1043
998	0.8491979434	976
999	0.8500488432	977
1000	0.8508997429	1008
1001	0.8517506427	980
1002	0.8526015424	1043
1003	0.8534524422	1038
1004	0.8543033419	995
1005	0.8551542416	1000
1006	0.8560051414	972
1007	0.8568560411	999
1008	0.8577069409	1007
1009	0.8585578406	1006
1010	0.8594087404	1007
1011	0.8602596401	976
1012	0.8611105398	988
1013	0.8619614396	996
1014	0.8628123393	1012
1015	0.8636632391	1044
1016	0.8645141388	980
1017	0.8653650386	1019
1018	0.8662159383	1001
1019	0.867066838	1045
1020	0.8679177378	975
1021	0.8687686375	948
1022	0.8696195373	1016
1023	0.870470437	918
1024	0.8713213368	965
1025	0.8721722365	977
1026	0.8730231362	971
1027	0.873874036	952
1028	0.8747249357	976
1029	0.8755758355	957
1030	0.8764267352	1043
1031	0.877277635	1025
1032	0.8781285347	1003
1033	0.8789794344	986
1034	0.8798303342	1013
1035	0.8806812339	994
1036	0.8815321337	978
1037	0.8823830334	941
1038	0.8832339332	999
1039	0.8840848329	995
1040	0.8849357326	951
1041	0.8857866324	897
1042	0.8866375321	945
1043	0.8874884319	988
1044	0.8883393316	995
1045	0.8891902314	931
1046	0.8900411311	1001
1047	0.8908920308	1019
1048	0.8917429306	1043
1049	0.8925938303	971
1050	0.8934447301	955
1051	0.8942956298	949
1052	0.8951465296	957
1053	0.8959974293	992
1054	0.896848329	971
1055	0.8976992288	917
1056	0.8985501285	977
1057	0.8994010283	975
1058	0.900251928	1024
1059	0.9011028278	947
1060	0.9019537275	936
1061	0.9028046272	959
1062	0.903655527	971
1063	0.9045064267	955
1064	0.9053573265	970
1065	0.9062082262	977
1066	0.907059126	951
1067	0.9079100257	969
1068	0.9087609254	954
1069	0.9096118252	959
1070	0.9104627249	962
1071	0.9113136247	936
1072	0.9121645244	953
1073	0.9130154242	967
1074	0.9138663239	902
1075	0.9147172237	959
1076	0.9155681234	898
1077	0.9164190231	962
1078	0.9172699229	970
1079	0.9181208226	963
1080	0.9189717224	949
1081	0.9198226221	962
1082	0.9206735219	1017
1083	0.9215244216	934
1084	0.9223753213	923
1085	0.9232262211	975
1086	0.9240771208	985
1087	0.9249280206	970
1088	0.9257789203	926
1089	0.9266298201	905
1090	0.9274807198	997
1091	0.9283316195	894
1092	0.9291825193	915
1093	0.930033419	886
1094	0.9308843188	985
1095	0.9317352185	989
1096	0.9325861183	954
1097	0.933437018	939
1098	0.9342879177	937
1099	0.9351388175	918
1100	0.9359897172	910
1101	0.936840617	890
1102	0.9376915167	921
1103	0.9385424165	929
1104	0.9393933162	925
1105	0.9402442159	880
1106	0.9410951157	913
1107	0.9419460154	927
1108	0.9427969152	875
1109	0.9436478149	873
1110	0.9444987147	940
1111	0.9453496144	932
1112	0.9462005141	951
1113	0.9470514139	936
1114	0.9479023136	914
1115	0.9487532134	927
1116	0.9496041131	913
1117	0.9504550129	910
1118	0.9513059126	923
1119	0.9521568123	856
1120	0.9530077121	920
1121	0.9538586118	862
1122	0.9547095116	895
1123	0.9555604113	909
1124	0.9564113111	955
1125	0.9572622108	830
1126	0.9581131105	892
1127	0.9589640103	881
1128	0.95981491	888
1129	0.9606658098	859
1130	0.9615167095	874
1131	0.9623676093	898
1132	0.963218509	819
1133	0.9640694087	904
1134	0.9649203085	857
1135	0.9657712082	889
1136	0.966622108	895
1137	0.9674730077	908
1138	0.9683239075	814
1139	0.9691748072	918
1140	0.9700257069	897
1141	0.9708766067	865
1142	0.9717275064	832
1143	0.9725784062	851
1144	0.9734293059	868
1145	0.9742802057	870
1146	0.9751311054	902
1147	0.9759820051	824
1148	0.9768329049	814
1149	0.9776838046	851
1150	0.9785347044	861
1151	0.9793856041	798
1152	0.9802365039	832
1153	0.9810874036	874
1154	0.9819383033	769
1155	0.9827892031	805
1156	0.9836401028	833
1157	0.9844910026	793
1158	0.9853419023	795
1159	0.9861928021	801
1160	0.9870437018	796
1161	0.9878946015	825
1162	0.9887455013	800
1163	0.989596401	840
1164	0.9904473008	805
1165	0.9912982005	784
1166	0.9921491003	788
1167	0.993	786
1168	0.9938508997	783
1169	0.9947017995	812
1170	0.9955526992	776
1171	0.996403599	823
1172	0.9972544987	833
1173	0.9981053985	816
1174	0.9989562982	763
1175	0.9998071979	757
1176	1.000658098	764
1177	1.001508997	804
1178	1.002359897	781
1179	1.003210797	779
1180	1.004061697	740
1181	1.004912596	756
1182	1.005763496	795
1183	1.006614396	779
1184	1.007465296	726
1185	1.008316195	774
1186	1.009167095	796
1187	1.010017995	751
1188	1.010868895	726
1189	1.011719794	688
1190	1.012570694	744
1191	1.013421594	782
1192	1.014272494	705
1193	1.015123393	741
1194	1.015974293	712
1195	1.016825193	740
1196	1.017676093	693
1197	1.018526992	709
1198	1.019377892	735
1199	1.020228792	689
1200	1.021079692	732
1201	1.021930591	763
1202	1.022781491	741
1203	1.023632391	693
1204	1.02448329	732
1205	1.02533419	709
1206	1.02618509	701
1207	1.02703599	738
1208	1.027886889	805
1209	1.028737789	718
1210	1.029588689	698
1211	1.030439589	673
1212	1.031290488	697
1213	1.032141388	694
1214	1.032992288	706
1215	1.033843188	704
1216	1.034694087	690
1217	1.035544987	662
1218	1.036395887	695
1219	1.037246787	674
1220	1.038097686	718
1221	1.038948586	682
1222	1.039799486	726
1223	1.040650386	728
1224	1.041501285	718
1225	1.042352185	727
1226	1.043203085	666
1227	1.044053985	760
1228	1.044904884	727
1229	1.045755784	672
1230	1.046606684	655
1231	1.047457584	727
1232	1.048308483	710
1233	1.049159383	708
1234	1.050010283	656
1235	1.050861183	720
1236	1.051712082	731
1237	1.052562982	720
1238	1.053413882	696
1239	1.054264781	702
1240	1.055115681	739
1241	1.055966581	699
1242	1.056817481	704
1243	1.05766838	679
1244	1.05851928	698
1245	1.05937018	753
1246	1.06022108	686
1247	1.061071979	715
1248	1.061922879	686
1249	1.062773779	653
1250	1.063624679	733
1251	1.064475578	705
1252	1.065326478	756
1253	1.066177378	713
1254	1.067028278	701
1255	1.067879177	694
1256	1.068730077	715
1257	1.069580977	687
1258	1.070431877	738
1259	1.071282776	714
1260	1.072133676	750
1261	1.072984576	752
1262	1.073835476	730
1263	1.074686375	777
1264	1.075537275	698
1265	1.076388175	759
1266	1.077239075	702
1267	1.078089974	734
1268	1.078940874	723
1269	1.079791774	735
1270	1.080642674	722
1271	1.081493573	718
1272	1.082344473	716
1273	1.083195373	739
1274	1.084046272	731
1275	1.084897172	749
1276	1.085748072	711
1277	1.086598972	713
1278	1.087449871	737
1279	1.088300771	673
1280	1.089151671	705
1281	1.090002571	718
1282	1.09085347	721
1283	1.09170437	726
1284	1.09255527	762
1285	1.09340617	707
1286	1.094257069	691
1287	1.095107969	740
1288	1.095958869	716
1289	1.096809769	773
1290	1.097660668	686
1291	1.098511568	807
1292	1.099362468	718
1293	1.100213368	756
1294	1.101064267	713
1295	1.101915167	748
1296	1.102766067	753
1297	1.103616967	759
1298	1.104467866	753
1299	1.105318766	764
1300	1.106169666	780
1301	1.107020566	774
1302	1.107871465	728
1303	1.108722365	783
1304	1.109573265	757
1305	1.110424165	730
1306	1.111275064	759
1307	1.112125964	749
1308	1.112976864	751
1309	1.113827763	780
1310	1.114678663	743
1311	1.115529563	682
1312	1.116380463	774
1313	1.117231362	756
1314	1.118082262	733
1315	1.118933162	768
1316	1.119784062	737
1317	1.120634961	764
1318	1.121485861	744
1319	1.122336761	769
1320	1.123187661	761
1321	1.12403856	769
1322	1.12488946	744
1323	1.12574036	767
1324	1.12659126	794
1325	1.127442159	847
1326	1.128293059	782
1327	1.129143959	764
1328	1.129994859	755
1329	1.130845758	766
1330	1.131696658	773
1331	1.132547558	739
1332	1.133398458	795
1333	1.134249357	742
1334	1.135100257	737
1335	1.135951157	809
1336	1.136802057	773
1337	1.137652956	792
1338	1.138503856	732
1339	1.139354756	759
1340	1.140205656	751
1341	1.141056555	679
1342	1.141907455	741
1343	1.142758355	749
1344	1.143609254	747
1345	1.144460154	775
1346	1.145311054	751
1347	1.146161954	786
1348	1.147012853	750
1349	1.147863753	731
1350	1.148714653	692
1351	1.149565553	703
1352	1.150416452	705
1353	1.151267352	736
1354	1.152118252	723
1355	1.152969152	722
1356	1.153820051	727
1357	1.154670951	747
1358	1.155521851	739
1359	1.156372751	774
1360	1.15722365	759
1361	1.15807455	679
1362	1.15892545	713
1363	1.15977635	740
1364	1.160627249	706
1365	1.161478149	748
1366	1.162329049	744
1367	1.163179949	712
1368	1.164030848	736
1369	1.164881748	730
1370	1.165732648	700
1371	1.166583548	707
1372	1.167434447	703
1373	1.168285347	723
1374	1.169136247	743
1375	1.169987147	659
1376	1.170838046	672
1377	1.171688946	674
1378	1.172539846	698
1379	1.173390746	682
1380	1.174241645	657
1381	1.175092545	665
1382	1.175943445	653
1383	1.176794344	696
1384	1.177645244	685
1385	1.178496144	676
1386	1.179347044	659
1387	1.180197943	713
1388	1.181048843	626
1389	1.181899743	646
1390	1.182750643	665
1391	1.183601542	686
1392	1.184452442	629
1393	1.185303342	663
1394	1.186154242	662
1395	1.187005141	631
1396	1.187856041	675
1397	1.188706941	663
1398	1.189557841	675
1399	1.19040874	649
1400	1.19125964	638
1401	1.19211054	672
1402	1.19296144	655
1403	1.193812339	652
1404	1.194663239	654
1405	1.195514139	638
1406	1.196365039	621
1407	1.197215938	681
1408	1.198066838	663
1409	1.198917738	630
1410	1.199768638	635
1411	1.200619537	644
1412	1.201470437	630
1413	1.202321337	638
1414	1.203172237	586
1415	1.204023136	647
1416	1.204874036	646
1417	1.205724936	620
1418	1.206575835	613
1419	1.207426735	653
1420	1.208277635	639
1421	1.209128535	641
1422	1.209979434	586
1423	1.210830334	587
1424	1.211681234	566
1425	1.212532134	604
1426	1.213383033	573
1427	1.214233933	576
1428	1.215084833	597
1429	1.215935733	590
1430	1.216786632	578
1431	1.217637532	605
1432	1.218488432	576
1433	1.219339332	583
1434	1.220190231	610
1435	1.221041131	579
1436	1.221892031	571
1437	1.222742931	592
1438	1.22359383	583
1439	1.22444473	559
1440	1.22529563	574
1441	1.22614653	521
1442	1.226997429	590
1443	1.227848329	560
1444	1.228699229	553
1445	1.229550129	528
1446	1.230401028	528
1447	1.231251928	538
1448	1.232102828	540
1449	1.232953728	540
1450	1.233804627	573
1451	1.234655527	532
1452	1.235506427	579
1453	1.236357326	551
1454	1.237208226	527
1455	1.238059126	516
1456	1.238910026	513
1457	1.239760925	504
1458	1.240611825	515
1459	1.241462725	505
1460	1.242313625	567
1461	1.243164524	532
1462	1.244015424	545
1463	1.244866324	505
1464	1.245717224	546
1465	1.246568123	491
1466	1.247419023	509
1467	1.248269923	533
1468	1.249120823	521
1469	1.249971722	546
1470	1.250822622	477
1471	1.251673522	512
1472	1.252524422	479
1473	1.253375321	464
1474	1.254226221	494
1475	1.255077121	538
1476	1.255928021	504
1477	1.25677892	489
1478	1.25762982	481
1479	1.25848072	523
1480	1.25933162	491
1481	1.260182519	510
1482	1.261033419	520
1483	1.261884319	495
1484	1.262735219	517
1485	1.263586118	482
1486	1.264437018	503
1487	1.265287918	466
1488	1.266138817	462
1489	1.266989717	463
1490	1.267840617	467
1491	1.268691517	472
1492	1.269542416	496
1493	1.270393316	466
1494	1.271244216	505
1495	1.272095116	449
1496	1.272946015	429
1497	1.273796915	519
1498	1.274647815	484
1499	1.275498715	457
1500	1.276349614	461
1501	1.277200514	510
1502	1.278051414	440
1503	1.278902314	433
1504	1.279753213	493
1505	1.280604113	443
1506	1.281455013	466
1507	1.282305913	449
1508	1.283156812	433
1509	1.284007712	453
1510	1.284858612	438
1511	1.285709512	449
1512	1.286560411	426
1513	1.287411311	430
1514	1.288262211	439
1515	1.289113111	430
1516	1.28996401	395
1517	1.29081491	422
1518	1.29166581	456
1519	1.29251671	461
1520	1.293367609	403
1521	1.294218509	428
1522	1.295069409	447
1523	1.295920308	461
1524	1.296771208	453
1525	1.297622108	448
1526	1.298473008	456
1527	1.299323907	446
1528	1.300174807	430
1529	1.301025707	413
1530	1.301876607	404
1531	1.302727506	398
1532	1.303578406	409
1533	1.304429306	396
1534	1.305280206	420
1535	1.306131105	394
1536	1.306982005	421
1537	1.307832905	417
1538	1.308683805	406
1539	1.309534704	414
1540	1.310385604	407
1541	1.311236504	413
1542	1.312087404	421
1543	1.312938303	391
1544	1.313789203	401
1545	1.314640103	386
1546	1.315491003	443
1547	1.316341902	395
1548	1.317192802	394
1549	1.318043702	421
1550	1.318894602	390
1551	1.319745501	408
1552	1.320596401	427
1553	1.321447301	387
1554	1.322298201	359
1555	1.3231491	421
1556	1.324	392
1557	1.3248509	392
1558	1.325701799	434
1559	1.326552699	395
1560	1.327403599	397
1561	1.328254499	406
1562	1.329105398	390
1563	1.329956298	401
1564	1.330807198	386
1565	1.331658098	398
1566	1.332508997	422
1567	1.333359897	400
1568	1.334210797	400
1569	1.335061697	347
1570	1.335912596	381
1571	1.336763496	396
1572	1.337614396	401
1573	1.338465296	329
1574	1.339316195	403
1575	1.340167095	399
1576	1.341017995	424
1577	1.341868895	412
1578	1.342719794	392
1579	1.343570694	409
1580	1.344421594	429
1581	1.345272494	393
1582	1.346123393	399
1583	1.346974293	409
1584	1.347825193	382
1585	1.348676093	411
1586	1.349526992	391
1587	1.350377892	431
1588	1.351228792	399
1589	1.352079692	427
1590	1.352930591	395
1591	1.353781491	349
1592	1.354632391	382
1593	1.35548329	379
1594	1.35633419	376
1595	1.35718509	397
1596	1.35803599	395
1597	1.358886889	397
1598	1.359737789	415
1599	1.360588689	365
1600	1.361439589	433
1601	1.362290488	382
1602	1.363141388	409
1603	1.363992288	388
1604	1.364843188	401
1605	1.365694087	402
1606	1.366544987	369
1607	1.367395887	418
1608	1.368246787	404
1609	1.369097686	409
1610	1.369948586	415
1611	1.370799486	453
1612	1.371650386	404
1613	1.372501285	423
1614	1.373352185	416
1615	1.374203085	415
1616	1.375053985	434
1617	1.375904884	438
1618	1.376755784	444
1619	1.377606684	453
1620	1.378457584	475
1621	1.379308483	417
1622	1.380159383	500
1623	1.381010283	466
1624	1.381861183	445
1625	1.382712082	447
1626	1.383562982	443
1627	1.384413882	437
1628	1.385264781	476
1629	1.386115681	454
1630	1.386966581	491
1631	1.387817481	451
1632	1.38866838	476
1633	1.38951928	513
1634	1.39037018	516
1635	1.39122108	483
1636	1.392071979	494
1637	1.392922879	459
1638	1.393773779	501
1639	1.394624679	557
1640	1.395475578	468
1641	1.396326478	486
1642	1.397177378	526
1643	1.398028278	519
1644	1.398879177	536
1645	1.399730077	537
1646	1.400580977	546
1647	1.401431877	530
1648	1.402282776	536
1649	1.403133676	535
1650	1.403984576	544
1651	1.404835476	531
1652	1.405686375	559
1653	1.406537275	528
1654	1.407388175	553
1655	1.408239075	597
1656	1.409089974	547
1657	1.409940874	576
1658	1.410791774	586
1659	1.411642674	565
1660	1.412493573	588
1661	1.413344473	561
1662	1.414195373	589
1663	1.415046272	546
1664	1.415897172	609
1665	1.416748072	622
1666	1.417598972	640
1667	1.418449871	618
1668	1.419300771	628
1669	1.420151671	635
1670	1.421002571	605
1671	1.42185347	658
1672	1.42270437	699
1673	1.42355527	645
1674	1.42440617	699
1675	1.425257069	721
1676	1.426107969	634
1677	1.426958869	666
1678	1.427809769	681
1679	1.428660668	691
1680	1.429511568	712
1681	1.430362468	675
1682	1.431213368	701
1683	1.432064267	714
1684	1.432915167	654
1685	1.433766067	672
1686	1.434616967	726
1687	1.435467866	689
1688	1.436318766	668
1689	1.437169666	771
1690	1.438020566	699
1691	1.438871465	714
1692	1.439722365	738
1693	1.440573265	738
1694	1.441424165	708
1695	1.442275064	679
1696	1.443125964	707
1697	1.443976864	686
1698	1.444827763	728
1699	1.445678663	769
1700	1.446529563	747
1701	1.447380463	745
1702	1.448231362	763
1703	1.449082262	782
1704	1.449933162	762
1705	1.450784062	739
1706	1.451634961	744
1707	1.452485861	749
1708	1.453336761	813
1709	1.454187661	721
1710	1.45503856	723
1711	1.45588946	798
1712	1.45674036	721
1713	1.45759126	767
1714	1.458442159	736
1715	1.459293059	734
1716	1.460143959	753
1717	1.460994859	736
1718	1.461845758	687
1719	1.462696658	762
1720	1.463547558	749
1721	1.464398458	738
1722	1.465249357	695
1723	1.466100257	728
1724	1.466951157	720
1725	1.467802057	740
1726	1.468652956	675
1727	1.469503856	699
1728	1.470354756	666
1729	1.471205656	693
1730	1.472056555	732
1731	1.472907455	698
1732	1.473758355	708
1733	1.474609254	636
1734	1.475460154	662
1735	1.476311054	665
1736	1.477161954	646
1737	1.478012853	639
1738	1.478863753	636
1739	1.479714653	598
1740	1.480565553	629
1741	1.481416452	577
1742	1.482267352	635
1743	1.483118252	596
1744	1.483969152	605
1745	1.484820051	613
1746	1.485670951	614
1747	1.486521851	603
1748	1.487372751	588
1749	1.48822365	554
1750	1.48907455	568
1751	1.48992545	565
1752	1.49077635	571
1753	1.491627249	525
1754	1.492478149	554
1755	1.493329049	501
1756	1.494179949	515
1757	1.495030848	489
1758	1.495881748	475
1759	1.496732648	481
1760	1.497583548	468
1761	1.498434447	456
1762	1.499285347	476
1763	1.500136247	488
1764	1.500987147	446
1765	1.501838046	479
1766	1.502688946	456
1767	1.503539846	483
1768	1.504390746	432
1769	1.505241645	469
1770	1.506092545	445
1771	1.506943445	416
1772	1.507794344	380
1773	1.508645244	390
1774	1.509496144	384
1775	1.510347044	372
1776	1.511197943	353
1777	1.512048843	376
1778	1.512899743	391
1779	1.513750643	376
1780	1.514601542	328
1781	1.515452442	371
1782	1.516303342	333
1783	1.517154242	347
1784	1.518005141	303
1785	1.518856041	318
1786	1.519706941	326
1787	1.520557841	337
1788	1.52140874	283
1789	1.52225964	284
1790	1.52311054	276
1791	1.52396144	331
1792	1.524812339	256
1793	1.525663239	270
1794	1.526514139	252
1795	1.527365039	268
1796	1.528215938	261
1797	1.529066838	238
1798	1.529917738	208
1799	1.530768638	267
1800	1.531619537	231
1801	1.532470437	248
1802	1.533321337	264
1803	1.534172237	236
1804	1.535023136	241
1805	1.535874036	215
1806	1.536724936	234
1807	1.537575835	217
1808	1.538426735	220
1809	1.539277635	220
1810	1.540128535	198
1811	1.540979434	209
1812	1.541830334	205
1813	1.542681234	210
1814	1.543532134	181
1815	1.544383033	167
1816	1.545233933	199
1817	1.546084833	199
1818	1.546935733	179
1819	1.547786632	205
1820	1.548637532	202
1821	1.549488432	174
1822	1.550339332	196
1823	1.551190231	182
1824	1.552041131	153
1825	1.552892031	170
1826	1.553742931	166
1827	1.55459383	164
1828	1.55544473	168
1829	1.55629563	173
1830	1.55714653	158
1831	1.557997429	134
1832	1.558848329	153
1833	1.559699229	160
1834	1.560550129	133
1835	1.561401028	148
1836	1.562251928	145
1837	1.563102828	128
1838	1.563953728	145
1839	1.564804627	123
1840	1.565655527	160
1841	1.566506427	129
1842	1.567357326	142
1843	1.568208226	128
1844	1.569059126	137
1845	1.569910026	146
1846	1.570760925	122
1847	1.571611825	137
1848	1.572462725	132
1849	1.573313625	105
1850	1.574164524	132
1851	1.575015424	131
1852	1.575866324	131
1853	1.576717224	132
1854	1.577568123	127
1855	1.578419023	126
1856	1.579269923	119
1857	1.580120823	132
1858	1.580971722	119
1859	1.581822622	120
1860	1.582673522	133
1861	1.583524422	123
1862	1.584375321	119
1863	1.585226221	122
1864	1.586077121	143
1865	1.586928021	129
1866	1.58777892	124
1867	1.58862982	134
1868	1.58948072	120
1869	1.59033162	124
1870	1.591182519	129
1871	1.592033419	118
1872	1.592884319	112
1873	1.593735219	116
1874	1.594586118	124
1875	1.595437018	105
1876	1.596287918	123
1877	1.597138817	100
1878	1.597989717	130
1879	1.598840617	123
1880	1.599691517	111
1881	1.600542416	96
1882	1.601393316	117
1883	1.602244216	128
1884	1.603095116	121
1885	1.603946015	110
1886	1.604796915	110
1887	1.605647815	95
1888	1.606498715	108
1889	1.607349614	109
1890	1.608200514	99
1891	1.609051414	113
1892	1.609902314	127
1893	1.610753213	125
1894	1.611604113	118
1895	1.612455013	104
1896	1.613305913	130
1897	1.614156812	135
1898	1.615007712	101
1899	1.615858612	100
1900	1.616709512	111
1901	1.617560411	114
1902	1.618411311	115
1903	1.619262211	90
1904	1.620113111	83
1905	1.62096401	89
1906	1.62181491	109
1907	1.62266581	118
1908	1.62351671	106
1909	1.624367609	108
1910	1.625218509	106
1911	1.626069409	106
1912	1.626920308	107
1913	1.627771208	106
1914	1.628622108	102
1915	1.629473008	102
1916	1.630323907	125
1917	1.631174807	103
1918	1.632025707	95
1919	1.632876607	109
1920	1.633727506	103
1921	1.634578406	106
1922	1.635429306	98
1923	1.636280206	96
1924	1.637131105	109
1925	1.637982005	108
1926	1.638832905	116
1927	1.639683805	118
1928	1.640534704	97
1929	1.641385604	130
1930	1.642236504	100
1931	1.643087404	92
1932	1.643938303	99
1933	1.644789203	108
1934	1.645640103	89
1935	1.646491003	99
1936	1.647341902	102
1937	1.648192802	113
1938	1.649043702	109
1939	1.649894602	119
1940	1.650745501	121
1941	1.651596401	109
1942	1.652447301	98
1943	1.653298201	106
1944	1.6541491	118
1945	1.655	82
1946	1.6558509	108
1947	1.656701799	96
1948	1.657552699	118
1949	1.658403599	98
1950	1.659254499	99
1951	1.660105398	89
1952	1.660956298	107
1953	1.661807198	83
1954	1.662658098	104
1955	1.663508997	77
1956	1.664359897	96
1957	1.665210797	91
1958	1.666061697	94
1959	1.666912596	105
1960	1.667763496	102
1961	1.668614396	85
1962	1.669465296	110
1963	1.670316195	109
1964	1.671167095	91
1965	1.672017995	97
1966	1.672868895	102
1967	1.673719794	107
1968	1.674570694	114
1969	1.675421594	102
1970	1.676272494	103
1971	1.677123393	97
1972	1.677974293	115
1973	1.678825193	93
1974	1.679676093	103
1975	1.680526992	119
1976	1.681377892	113
1977	1.682228792	105
1978	1.683079692	90
1979	1.683930591	110
1980	1.684781491	92
1981	1.685632391	86
1982	1.68648329	93
1983	1.68733419	77
1984	1.68818509	87
1985	1.68903599	99
1986	1.689886889	103
1987	1.690737789	129
1988	1.691588689	106
1989	1.692439589	92
1990	1.693290488	88
1991	1.694141388	90
1992	1.694992288	112
1993	1.695843188	83
1994	1.696694087	92
1995	1.697544987	104
1996	1.698395887	101
1997	1.699246787	92
1998	1.700097686	94
1999	1.700948586	114
2000	1.701799486	110
2001	1.702650386	95
2002	1.703501285	86
2003	1.704352185	101
2004	1.705203085	105
2005	1.706053985	107
2006	1.706904884	112
2007	1.707755784	111
2008	1.708606684	115
2009	1.709457584	100
2010	1.710308483	110
2011	1.711159383	105
2012	1.712010283	103
2013	1.712861183	111
2014	1.713712082	114
2015	1.714562982	94
2016	1.715413882	101
2017	1.716264781	96
2018	1.717115681	118
2019	1.717966581	102
2020	1.718817481	125
2021	1.71966838	97
2022	1.72051928	108
2023	1.72137018	103
2024	1.72222108	105
2025	1.723071979	103
2026	1.723922879	100
2027	1.724773779	110
2028	1.725624679	111
2029	1.726475578	104
2030	1.727326478	107
2031	1.728177378	116
2032	1.729028278	114
2033	1.729879177	122
2034	1.730730077	113
2035	1.731580977	111
2036	1.732431877	107
2037	1.733282776	118
2038	1.734133676	95
2039	1.734984576	110
2040	1.735835476	91
2041	1.736686375	108
2042	1.737537275	118
2043	1.738388175	110
2044	1.739239075	110
2045	1.740089974	103
2046	1.740940874	101
2047	1.741791774	106
2048	1.742642674	98
2049	1.743493573	104
2050	1.744344473	118
2051	1.745195373	95
2052	1.746046272	118
2053	1.746897172	92
2054	1.747748072	114
2055	1.748598972	97
2056	1.749449871	94
2057	1.750300771	115
2058	1.751151671	111
2059	1.752002571	90
2060	1.75285347	116
2061	1.75370437	103
2062	1.75455527	111
2063	1.75540617	123
2064	1.756257069	97
2065	1.757107969	97
2066	1.757958869	115
2067	1.758809769	115
2068	1.759660668	98
2069	1.760511568	93
2070	1.761362468	112
2071	1.762213368	100
2072	1.763064267	94
2073	1.763915167	80
2074	1.764766067	94
2075	1.765616967	81
2076	1.766467866	103
2077	1.767318766	113
2078	1.768169666	102
2079	1.769020566	110
2080	1.769871465	114
2081	1.770722365	102
2082	1.771573265	88
2083	1.772424165	76
2084	1.773275064	110
2085	1.774125964	109
2086	1.774976864	98
2087	1.775827763	104
2088	1.776678663	107
2089	1.777529563	93
2090	1.778380463	92
2091	1.779231362	100
2092	1.780082262	100
2093	1.780933162	107
2094	1.781784062	98
2095	1.782634961	100
2096	1.783485861	100
2097	1.784336761	107
2098	1.785187661	87
2099	1.78603856	81
2100	1.78688946	82
2101	1.78774036	76
2102	1.78859126	88
2103	1.789442159	76
2104	1.790293059	80
2105	1.791143959	86
2106	1.791994859	98
2107	1.792845758	92
2108	1.793696658	98
2109	1.794547558	85
2110	1.795398458	83
2111	1.796249357	89
2112	1.797100257	88
2113	1.797951157	84
2114	1.798802057	104
2115	1.799652956	81
2116	1.800503856	88
2117	1.801354756	70
2118	1.802205656	95
2119	1.803056555	94
2120	1.803907455	67
2121	1.804758355	75
2122	1.805609254	94
2123	1.806460154	76
2124	1.807311054	72
2125	1.808161954	74
2126	1.809012853	101
2127	1.809863753	80
2128	1.810714653	82
2129	1.811565553	83
2130	1.812416452	91
2131	1.813267352	76
2132	1.814118252	92
2133	1.814969152	77
2134	1.815820051	75
2135	1.816670951	76
2136	1.817521851	79
2137	1.818372751	76
2138	1.81922365	75
2139	1.82007455	85
2140	1.82092545	92
2141	1.82177635	87
2142	1.822627249	83
2143	1.823478149	89
2144	1.824329049	83
2145	1.825179949	85
2146	1.826030848	86
2147	1.826881748	99
2148	1.827732648	71
2149	1.828583548	51
2150	1.829434447	77
2151	1.830285347	86
2152	1.831136247	68
2153	1.831987147	91
2154	1.832838046	71
2155	1.833688946	62
2156	1.834539846	78
2157	1.835390746	63
2158	1.836241645	71
2159	1.837092545	63
2160	1.837943445	83
2161	1.838794344	70
2162	1.839645244	79
2163	1.840496144	70
2164	1.841347044	60
2165	1.842197943	77
2166	1.843048843	56
2167	1.843899743	73
2168	1.844750643	63
2169	1.845601542	78
2170	1.846452442	73
2171	1.847303342	71
2172	1.848154242	72
2173	1.849005141	78
2174	1.849856041	71
2175	1.850706941	72
2176	1.851557841	71
2177	1.85240874	81
2178	1.85325964	62
2179	1.85411054	83
2180	1.85496144	75
2181	1.855812339	97
2182	1.856663239	82
2183	1.857514139	81
2184	1.858365039	70
2185	1.859215938	72
2186	1.860066838	74
2187	1.860917738	83
2188	1.861768638	69
2189	1.862619537	74
2190	1.863470437	78
2191	1.864321337	82
2192	1.865172237	68
2193	1.866023136	72
2194	1.866874036	77
2195	1.867724936	78
2196	1.868575835	74
2197	1.869426735	68
2198	1.870277635	65
2199	1.871128535	61
2200	1.871979434	88
2201	1.872830334	76
2202	1.873681234	65
2203	1.874532134	82
2204	1.875383033	56
2205	1.876233933	68
2206	1.877084833	76
2207	1.877935733	70
2208	1.878786632	82
2209	1.879637532	71
2210	1.880488432	96
2211	1.881339332	76
2212	1.882190231	75
2213	1.883041131	81
2214	1.883892031	72
2215	1.884742931	71
2216	1.88559383	87
2217	1.88644473	74
2218	1.88729563	68
2219	1.88814653	68
2220	1.888997429	63
2221	1.889848329	90
2222	1.890699229	72
2223	1.891550129	76
2224	1.892401028	70
2225	1.893251928	72
2226	1.894102828	74
2227	1.894953728	61
2228	1.895804627	70
2229	1.896655527	79
2230	1.897506427	69
2231	1.898357326	62
2232	1.899208226	75
2233	1.900059126	64
2234	1.900910026	71
2235	1.901760925	66
2236	1.902611825	89
2237	1.903462725	60
2238	1.904313625	55
2239	1.905164524	66
2240	1.906015424	78
2241	1.906866324	63
2242	1.907717224	50
2243	1.908568123	60
2244	1.909419023	73
2245	1.910269923	67
2246	1.911120823	67
2247	1.911971722	67
2248	1.912822622	59
2249	1.913673522	63
2250	1.914524422	67
2251	1.915375321	73
2252	1.916226221	59
2253	1.917077121	70
2254	1.917928021	68
2255	1.91877892	61
2256	1.91962982	52
2257	1.92048072	72
2258	1.92133162	62
2259	1.922182519	67
2260	1.923033419	64
2261	1.923884319	58
2262	1.924735219	61
2263	1.925586118	60
2264	1.926437018	66
2265	1.927287918	71
2266	1.928138817	62
2267	1.928989717	74
2268	1.929840617	87
2269	1.930691517	56
2270	1.931542416	68
2271	1.932393316	55
2272	1.933244216	65
2273	1.934095116	67
2274	1.934946015	54
2275	1.935796915	69
2276	1.936647815	65
2277	1.937498715	58
2278	1.938349614	59
2279	1.939200514	68
2280	1.940051414	64
2281	1.940902314	68
2282	1.941753213	63
2283	1.942604113	60
2284	1.943455013	65
2285	1.944305913	63
2286	1.945156812	54
2287	1.946007712	68
2288	1.946858612	73
2289	1.947709512	63
2290	1.948560411	64
2291	1.949411311	65
2292	1.950262211	61
2293	1.951113111	63
2294	1.95196401	73
2295	1.95281491	62
2296	1.95366581	69
2297	1.95451671	61
2298	1.955367609	41
2299	1.956218509	57
2300	1.957069409	73
2301	1.957920308	58
2302	1.958771208	56
2303	1.959622108	68
2304	1.960473008	46
2305	1.961323907	55
2306	1.962174807	58
2307	1.963025707	60
2308	1.963876607	50
2309	1.964727506	53
2310	1.965578406	71
2311	1.966429306	82
2312	1.967280206	62
2313	1.968131105	56
2314	1.968982005	70
2315	1.969832905	55
2316	1.970683805	71
2317	1.971534704	66
2318	1.972385604	58
2319	1.973236504	55
2320	1.974087404	62
2321	1.974938303	61
2322	1.975789203	71
2323	1.976640103	53
2324	1.977491003	65
2325	1.978341902	67
2326	1.979192802	57
2327	1.980043702	59
2328	1.980894602	64
2329	1.981745501	72
2330	1.982596401	61
2331	1.983447301	60
2332	1.984298201	61
2333	1.9851491	65
2334	1.986	73
2335	1.9868509	77
2336	1.987701799	61
2337	1.988552699	65
2338	1.989403599	56
2339	1.990254499	71
2340	1.991105398	74
2341	1.991956298	62
2342	1.992807198	65
2343	1.993658098	62
2344	1.994508997	60
2345	1.995359897	56
2346	1.996210797	62
2347	1.997061697	63
2348	1.997912596	63
2349	1.998763496	66
2350	1.999614396	67
2351	2.000465296	64
2352	2.001316195	71
2353	2.002167095	60
2354	2.003017995	74
2355	2.003868895	55
2356	2.004719794	68
2357	2.005570694	60
2358	2.006421594	53
2359	2.007272494	77
2360	2.008123393	57
2361	2.008974293	78
2362	2.009825193	64
2363	2.010676093	63
2364	2.011526992	62
2365	2.012377892	65
2366	2.013228792	64
2367	2.014079692	61
2368	2.014930591	66
2369	2.015781491	59
2370	2.016632391	57
2371	2.01748329	52
2372	2.01833419	67
2373	2.01918509	67
2374	2.02003599	59
2375	2.020886889	66
2376	2.021737789	62
2377	2.022588689	61
2378	2.023439589	50
2379	2.024290488	65
2380	2.025141388	66
2381	2.025992288	78
2382	2.026843188	69
2383	2.027694087	65
2384	2.028544987	70
2385	2.029395887	69
2386	2.030246787	63
2387	2.031097686	61
2388	2.031948586	65
2389	2.032799486	52
2390	2.033650386	73
2391	2.034501285	65
2392	2.035352185	56
2393	2.036203085	58
2394	2.037053985	60
2395	2.037904884	62
2396	2.038755784	52
2397	2.039606684	63
2398	2.040457584	53
2399	2.041308483	49
2400	2.042159383	55
2401	2.043010283	81
2402	2.043861183	67
2403	2.044712082	82
2404	2.045562982	54
2405	2.046413882	50
2406	2.047264781	62
2407	2.048115681	58
2408	2.048966581	58
2409	2.049817481	70
2410	2.05066838	73
2411	2.05151928	75
2412	2.05237018	75
2413	2.05322108	77
2414	2.054071979	58
2415	2.054922879	66
2416	2.055773779	75
2417	2.056624679	67
2418	2.057475578	65
2419	2.058326478	55
2420	2.059177378	80
2421	2.060028278	75
2422	2.060879177	63
2423	2.061730077	62
2424	2.062580977	47
2425	2.063431877	70
2426	2.064282776	83
2427	2.065133676	68
2428	2.065984576	69
2429	2.066835476	67
2430	2.067686375	69
2431	2.068537275	71
2432	2.069388175	57
2433	2.070239075	77
2434	2.071089974	59
2435	2.071940874	64
2436	2.072791774	59
2437	2.073642674	58
2438	2.074493573	64
2439	2.075344473	60
2440	2.076195373	62
2441	2.077046272	50
2442	2.077897172	83
2443	2.078748072	81
2444	2.079598972	69
2445	2.080449871	61
2446	2.081300771	64
2447	2.082151671	73
2448	2.083002571	68
2449	2.08385347	73
2450	2.08470437	67
2451	2.08555527	73
2452	2.08640617	62
2453	2.087257069	69
2454	2.088107969	67
2455	2.088958869	65
2456	2.089809769	83
2457	2.090660668	71
2458	2.091511568	70
2459	2.092362468	62
2460	2.093213368	55
2461	2.094064267	63
2462	2.094915167	70
2463	2.095766067	72
2464	2.096616967	60
2465	2.097467866	50
2466	2.098318766	68
2467	2.099169666	63
2468	2.100020566	72
2469	2.100871465	56
2470	2.101722365	58
2471	2.102573265	82
2472	2.103424165	69
2473	2.104275064	54
2474	2.105125964	76
2475	2.105976864	66
2476	2.106827763	58
2477	2.107678663	71
2478	2.108529563	65
2479	2.109380463	77
2480	2.110231362	62
2481	2.111082262	70
2482	2.111933162	80
2483	2.112784062	50
2484	2.113634961	58
2485	2.114485861	64
2486	2.115336761	73
2487	2.116187661	75
2488	2.11703856	49
2489	2.11788946	70
2490	2.11874036	66
2491	2.11959126	63
2492	2.120442159	66
2493	2.121293059	60
2494	2.122143959	70
2495	2.122994859	67
2496	2.123845758	71
2497	2.124696658	60
2498	2.125547558	64
2499	2.126398458	56
2500	2.127249357	79
2501	2.128100257	62
2502	2.128951157	76
2503	2.129802057	63
2504	2.130652956	58
2505	2.131503856	66
2506	2.132354756	65
2507	2.133205656	67
2508	2.134056555	69
2509	2.134907455	71
2510	2.135758355	60
2511	2.136609254	70
2512	2.137460154	41
2513	2.138311054	66
2514	2.139161954	53
2515	2.140012853	60
2516	2.140863753	64
2517	2.141714653	63
2518	2.142565553	55
2519	2.143416452	45
2520	2.144267352	51
2521	2.145118252	57
2522	2.145969152	56
2523	2.146820051	64
2524	2.147670951	69
2525	2.148521851	62
2526	2.149372751	54
2527	2.15022365	64
2528	2.15107455	58
2529	2.15192545	66
2530	2.15277635	73
2531	2.153627249	72
2532	2.154478149	64
2533	2.155329049	64
2534	2.156179949	68
2535	2.157030848	54
2536	2.157881748	72
2537	2.158732648	67
2538	2.159583548	63
2539	2.160434447	66
2540	2.161285347	63
2541	2.162136247	55
2542	2.162987147	64
2543	2.163838046	73
2544	2.164688946	61
2545	2.165539846	52
2546	2.166390746	63
2547	2.167241645	66
2548	2.168092545	55
2549	2.168943445	49
2550	2.169794344	59
2551	2.170645244	58
2552	2.171496144	52
2553	2.172347044	71
2554	2.173197943	75
2555	2.174048843	59
2556	2.174899743	56
2557	2.175750643	67
2558	2.176601542	66
2559	2.177452442	60
2560	2.178303342	59
2561	2.179154242	61
2562	2.180005141	60
2563	2.180856041	69
2564	2.181706941	66
2565	2.182557841	56
2566	2.18340874	62
2567	2.18425964	37
2568	2.18511054	40
2569	2.18596144	57
2570	2.186812339	57
2571	2.187663239	55
2572	2.188514139	62
2573	2.189365039	64
2574	2.190215938	46
2575	2.191066838	58
2576	2.191917738	71
2577	2.192768638	54
2578	2.193619537	62
2579	2.194470437	60
2580	2.195321337	48
2581	2.196172237	63
2582	2.197023136	61
2583	2.197874036	58
2584	2.198724936	64
2585	2.199575835	60
2586	2.200426735	66
2587	2.201277635	49
2588	2.202128535	59
2589	2.202979434	62
2590	2.203830334	59
2591	2.204681234	55
2592	2.205532134	69
2593	2.206383033	71
2594	2.207233933	49
2595	2.208084833	61
2596	2.208935733	54
2597	2.209786632	68
2598	2.210637532	40
2599	2.211488432	54
2600	2.212339332	57
2601	2.213190231	66
2602	2.214041131	62
2603	2.214892031	47
2604	2.215742931	50
2605	2.21659383	60
2606	2.21744473	58
2607	2.21829563	54
2608	2.21914653	56
2609	2.219997429	58
2610	2.220848329	50
2611	2.221699229	64
2612	2.222550129	56
2613	2.223401028	72
2614	2.224251928	54
2615	2.225102828	47
2616	2.225953728	68
2617	2.226804627	54
2618	2.227655527	61
2619	2.228506427	70
2620	2.229357326	67
2621	2.230208226	51
2622	2.231059126	54
2623	2.231910026	53
2624	2.232760925	51
2625	2.233611825	57
2626	2.234462725	45
2627	2.235313625	48
2628	2.236164524	64
2629	2.237015424	73
2630	2.237866324	56
2631	2.238717224	57
2632	2.239568123	53
2633	2.240419023	34
2634	2.241269923	44
2635	2.242120823	40
2636	2.242971722	63
2637	2.243822622	58
2638	2.244673522	50
2639	2.245524422	44
2640	2.246375321	57
2641	2.247226221	50
2642	2.248077121	53
2643	2.248928021	39
2644	2.24977892	45
2645	2.25062982	58
2646	2.25148072	43
2647	2.25233162	44
2648	2.253182519	62
2649	2.254033419	42
2650	2.254884319	46
2651	2.255735219	53
2652	2.256586118	60
2653	2.257437018	50
2654	2.258287918	62
2655	2.259138817	41
2656	2.259989717	55
2657	2.260840617	53
2658	2.261691517	45
2659	2.262542416	50
2660	2.263393316	65
2661	2.264244216	46
2662	2.265095116	49
2663	2.265946015	43
2664	2.266796915	50
2665	2.267647815	37
2666	2.268498715	47
2667	2.269349614	38
2668	2.270200514	53
2669	2.271051414	48
2670	2.271902314	51
2671	2.272753213	41
2672	2.273604113	40
2673	2.274455013	51
2674	2.275305913	47
2675	2.276156812	40
2676	2.277007712	51
2677	2.277858612	47
2678	2.278709512	61
2679	2.279560411	49
2680	2.280411311	54
2681	2.281262211	48
2682	2.282113111	47
2683	2.28296401	55
2684	2.28381491	38
2685	2.28466581	36
2686	2.28551671	37
2687	2.286367609	38
2688	2.287218509	38
2689	2.288069409	52
2690	2.288920308	48
2691	2.289771208	65
2692	2.290622108	49
2693	2.291473008	43
2694	2.292323907	48
2695	2.293174807	45
2696	2.294025707	43
2697	2.294876607	40
2698	2.295727506	57
2699	2.296578406	38
2700	2.297429306	39
2701	2.298280206	34
2702	2.299131105	34
2703	2.299982005	49
2704	2.300832905	62
2705	2.301683805	43
2706	2.302534704	41
2707	2.303385604	36
2708	2.304236504	37
2709	2.305087404	39
2710	2.305938303	51
2711	2.306789203	31
2712	2.307640103	39
2713	2.308491003	33
2714	2.309341902	46
2715	2.310192802	56
2716	2.311043702	37
2717	2.311894602	38
2718	2.312745501	30
2719	2.313596401	40
2720	2.314447301	33
2721	2.315298201	34
2722	2.3161491	38
2723	2.317	49
2724	2.3178509	46
2725	2.318701799	42
2726	2.319552699	48
2727	2.320403599	43
2728	2.321254499	34
2729	2.322105398	33
2730	2.322956298	49
2731	2.323807198	52
2732	2.324658098	42
2733	2.325508997	36
2734	2.326359897	43
2735	2.327210797	36
2736	2.328061697	34
2737	2.328912596	49
2738	2.329763496	35
2739	2.330614396	47
2740	2.331465296	36
2741	2.332316195	33
2742	2.333167095	32
2743	2.334017995	35
2744	2.334868895	49
2745	2.335719794	48
2746	2.336570694	37
2747	2.337421594	29
2748	2.338272494	46
2749	2.339123393	26
2750	2.339974293	40
2751	2.340825193	34
2752	2.341676093	37
2753	2.342526992	46
2754	2.343377892	26
2755	2.344228792	40
2756	2.345079692	31
2757	2.345930591	39
2758	2.346781491	28
2759	2.347632391	41
2760	2.34848329	28
2761	2.34933419	43
2762	2.35018509	36
2763	2.35103599	37
2764	2.351886889	30
2765	2.352737789	30
2766	2.353588689	25
2767	2.354439589	39
2768	2.355290488	30
2769	2.356141388	38
2770	2.356992288	38
2771	2.357843188	39
2772	2.358694087	40
2773	2.359544987	30
2774	2.360395887	35
2775	2.361246787	35
2776	2.362097686	28
2777	2.362948586	34
2778	2.363799486	41
2779	2.364650386	44
2780	2.365501285	31
2781	2.366352185	41
2782	2.367203085	37
2783	2.368053985	36
2784	2.368904884	20
2785	2.369755784	27
2786	2.370606684	33
2787	2.371457584	33
2788	2.372308483	33
2789	2.373159383	35
2790	2.374010283	32
2791	2.374861183	30
2792	2.375712082	45
2793	2.376562982	32
2794	2.377413882	29
2795	2.378264781	27
2796	2.379115681	40
2797	2.379966581	25
2798	2.380817481	35
2799	2.38166838	32
2800	2.38251928	25
2801	2.38337018	28
2802	2.38422108	33
2803	2.385071979	28
2804	2.385922879	31
2805	2.386773779	27
2806	2.387624679	34
2807	2.388475578	26
2808	2.389326478	30
2809	2.390177378	34
2810	2.391028278	33
2811	2.391879177	30
2812	2.392730077	29
2813	2.393580977	33
2814	2.394431877	30
2815	2.395282776	35
2816	2.396133676	24
2817	2.396984576	38
2818	2.397835476	23
2819	2.398686375	35
2820	2.399537275	24
2821	2.400388175	21
2822	2.401239075	24
2823	2.402089974	30
2824	2.402940874	30
2825	2.403791774	24
2826	2.404642674	28
2827	2.405493573	36
2828	2.406344473	24
2829	2.407195373	32
2830	2.408046272	26
2831	2.408897172	29
2832	2.409748072	30
2833	2.410598972	35
2834	2.411449871	32
2835	2.412300771	29
2836	2.413151671	30
2837	2.414002571	35
2838	2.41485347	36
2839	2.41570437	22
2840	2.41655527	32
2841	2.41740617	25
2842	2.418257069	25
2843	2.419107969	28
2844	2.419958869	21
2845	2.420809769	31
2846	2.421660668	20
2847	2.422511568	24
2848	2.423362468	27
2849	2.424213368	25
2850	2.425064267	30
2851	2.425915167	30
2852	2.426766067	34
2853	2.427616967	26
2854	2.428467866	23
2855	2.429318766	33
2856	2.430169666	29
2857	2.431020566	25
2858	2.431871465	26
2859	2.432722365	31
2860	2.433573265	30
2861	2.434424165	28
2862	2.435275064	27
2863	2.436125964	18
2864	2.436976864	30
2865	2.437827763	26
2866	2.438678663	30
2867	2.439529563	30
2868	2.440380463	24
2869	2.441231362	27
2870	2.442082262	29
2871	2.442933162	31
2872	2.443784062	27
2873	2.444634961	37
2874	2.445485861	29
2875	2.446336761	27
2876	2.447187661	28
2877	2.44803856	25
2878	2.44888946	25
2879	2.44974036	26
2880	2.45059126	29
2881	2.451442159	38
2882	2.452293059	43
2883	2.453143959	30
2884	2.453994859	36
2885	2.454845758	29
2886	2.455696658	28
2887	2.456547558	29
2888	2.457398458	33
2889	2.458249357	36
2890	2.459100257	23
2891	2.459951157	35
2892	2.460802057	32
2893	2.461652956	29
2894	2.462503856	40
2895	2.463354756	32
2896	2.464205656	25
2897	2.465056555	33
2898	2.465907455	24
2899	2.466758355	36
2900	2.467609254	38
2901	2.468460154	31
2902	2.469311054	31
2903	2.470161954	40
2904	2.471012853	30
2905	2.471863753	32
2906	2.472714653	31
2907	2.473565553	31
2908	2.474416452	47
2909	2.475267352	28
2910	2.476118252	40
2911	2.476969152	43
2912	2.477820051	36
2913	2.478670951	30
2914	2.479521851	30
2915	2.480372751	28
2916	2.48122365	34
2917	2.48207455	37
2918	2.48292545	38
2919	2.48377635	37
2920	2.484627249	36
2921	2.485478149	28
2922	2.486329049	27
2923	2.487179949	44
2924	2.488030848	39
2925	2.488881748	29
2926	2.489732648	35
2927	2.490583548	36
2928	2.491434447	36
2929	2.492285347	32
2930	2.493136247	38
2931	2.493987147	40
2932	2.494838046	39
2933	2.495688946	33
2934	2.496539846	49
2935	2.497390746	41
2936	2.498241645	37
2937	2.499092545	46
2938	2.499943445	43
2939	2.500794344	41
2940	2.501645244	43
2941	2.502496144	29
2942	2.503347044	39
2943	2.504197943	38
2944	2.505048843	42
2945	2.505899743	35
2946	2.506750643	41
2947	2.507601542	42
2948	2.508452442	40
2949	2.509303342	47
2950	2.510154242	53
2951	2.511005141	46
2952	2.511856041	39
2953	2.512706941	43
2954	2.513557841	48
2955	2.51440874	41
2956	2.51525964	53
2957	2.51611054	40
2958	2.51696144	43
2959	2.517812339	43
2960	2.518663239	31
2961	2.519514139	43
2962	2.520365039	35
2963	2.521215938	39
2964	2.522066838	41
2965	2.522917738	50
2966	2.523768638	50
2967	2.524619537	48
2968	2.525470437	39
2969	2.526321337	52
2970	2.527172237	33
2971	2.528023136	48
2972	2.528874036	34
2973	2.529724936	47
2974	2.530575835	52
2975	2.531426735	43
2976	2.532277635	48
2977	2.533128535	59
2978	2.533979434	44
2979	2.534830334	49
2980	2.535681234	42
2981	2.536532134	36
2982	2.537383033	53
2983	2.538233933	44
2984	2.539084833	41
2985	2.539935733	39
2986	2.540786632	45
2987	2.541637532	40
2988	2.542488432	46
2989	2.543339332	60
2990	2.544190231	53
2991	2.545041131	56
2992	2.545892031	41
2993	2.546742931	37
2994	2.54759383	45
2995	2.54844473	45
2996	2.54929563	40
2997	2.55014653	38
2998	2.550997429	55
2999	2.551848329	34
3000	2.552699229	43
3001	2.553550129	50
3002	2.554401028	48
3003	2.555251928	55
3004	2.556102828	45
3005	2.556953728	48
3006	2.557804627	45
3007	2.558655527	50
3008	2.559506427	44
3009	2.560357326	35
3010	2.561208226	52
3011	2.562059126	46
3012	2.562910026	34
3013	2.563760925	51
3014	2.564611825	56
3015	2.565462725	49
3016	2.566313625	50
3017	2.567164524	46
3018	2.568015424	35
3019	2.568866324	41
3020	2.569717224	54
3021	2.570568123	48
3022	2.571419023	44
3023	2.572269923	58
3024	2.573120823	50
3025	2.573971722	45
3026	2.574822622	50
3027	2.575673522	34
3028	2.576524422	41
3029	2.577375321	41
3030	2.578226221	49
3031	2.579077121	30
3032	2.579928021	40
3033	2.58077892	51
3034	2.58162982	39
3035	2.58248072	35
3036	2.58333162	32
3037	2.584182519	46
3038	2.585033419	42
3039	2.585884319	40
3040	2.586735219	45
3041	2.587586118	35
3042	2.588437018	45
3043	2.589287918	37
3044	2.590138817	31
3045	2.590989717	43
3046	2.591840617	39
3047	2.592691517	41
3048	2.593542416	41
3049	2.594393316	28
3050	2.595244216	32
3051	2.596095116	30
3052	2.596946015	43
3053	2.597796915	50
3054	2.598647815	42
3055	2.599498715	39
3056	2.600349614	31
3057	2.601200514	41
3058	2.602051414	37
3059	2.602902314	30
3060	2.603753213	38
3061	2.604604113	28
3062	2.605455013	28
3063	2.606305913	29
3064	2.607156812	32
3065	2.608007712	32
3066	2.608858612	32
3067	2.609709512	24
3068	2.610560411	38
3069	2.611411311	35
3070	2.612262211	25
3071	2.613113111	27
3072	2.61396401	25
3073	2.61481491	38
3074	2.61566581	32
3075	2.61651671	37
3076	2.617367609	27
3077	2.618218509	34
3078	2.619069409	23
3079	2.619920308	36
3080	2.620771208	24
3081	2.621622108	26
3082	2.622473008	20
3083	2.623323907	24
3084	2.624174807	23
3085	2.625025707	25
3086	2.625876607	23
3087	2.626727506	31
3088	2.627578406	23
3089	2.628429306	24
3090	2.629280206	29
3091	2.630131105	27
3092	2.630982005	23
3093	2.631832905	17
3094	2.632683805	16
3095	2.633534704	21
3096	2.634385604	23
3097	2.635236504	33
3098	2.636087404	24
3099	2.636938303	19
3100	2.637789203	32
3101	2.638640103	22
3102	2.639491003	21
3103	2.640341902	19
3104	2.641192802	28
3105	2.642043702	22
3106	2.642894602	23
3107	2.643745501	22
3108	2.644596401	28
3109	2.645447301	19
3110	2.646298201	16
3111	2.6471491	18
3112	2.648	15
3113	2.6488509	22
3114	2.649701799	17
3115	2.650552699	18
3116	2.651403599	10
3117	2.652254499	20
3118	2.653105398	16
3119	2.653956298	22
3120	2.654807198	9
3121	2.655658098	14
3122	2.656508997	12
3123	2.657359897	19
3124	2.658210797	9
3125	2.659061697	19
3126	2.659912596	12
3127	2.660763496	10
3128	2.661614396	12
3129	2.662465296	17
3130	2.663316195	12
3131	2.664167095	15
3132	2.665017995	13
3133	2.665868895	15
3134	2.666719794	13
3135	2.667570694	18
3136	2.668421594	8
3137	2.669272494	11
3138	2.670123393	14
3139	2.670974293	14
3140	2.671825193	8
3141	2.672676093	13
3142	2.673526992	19
3143	2.674377892	9
3144	2.675228792	7
3145	2.676079692	16
3146	2.676930591	11
3147	2.677781491	12
3148	2.678632391	7
3149	2.67948329	17
3150	2.68033419	7
3151	2.68118509	11
3152	2.68203599	8
3153	2.682886889	3
3154	2.683737789	9
3155	2.684588689	6
3156	2.685439589	6
3157	2.686290488	7
3158	2.687141388	9
3159	2.687992288	8
3160	2.688843188	8
3161	2.689694087	7
3162	2.690544987	6
3163	2.691395887	8
3164	2.692246787	6
3165	2.693097686	7
3166	2.693948586	5
3167	2.694799486	4
3168	2.695650386	11
3169	2.696501285	8
3170	2.697352185	10
3171	2.698203085	10
3172	2.699053985	10
3173	2.699904884	7
3174	2.700755784	7
3175	2.701606684	11
3176	2.702457584	5
3177	2.703308483	11
3178	2.704159383	8
3179	2.705010283	1
3180	2.705861183	11
3181	2.706712082	6
3182	2.707562982	9
3183	2.708413882	9
3184	2.709264781	7
3185	2.710115681	5
3186	2.710966581	3
3187	2.711817481	6
3188	2.71266838	4
3189	2.71351928	4
3190	2.71437018	8
3191	2.71522108	6
3192	2.716071979	5
3193	2.716922879	13
3194	2.717773779	9
3195	2.718624679	9
3196	2.719475578	5
3197	2.720326478	2
3198	2.721177378	2
3199	2.722028278	6
3200	2.722879177	3
3201	2.723730077	3
3202	2.724580977	4
3203	2.725431877	5
3204	2.726282776	2
3205	2.727133676	5
3206	2.727984576	0
3207	2.728835476	4
3208	2.729686375	5
3209	2.730537275	5
3210	2.731388175	4
3211	2.732239075	2
3212	2.733089974	11
3213	2.733940874	0
3214	2.734791774	5
3215	2.735642674	4
3216	2.736493573	4
3217	2.737344473	7
3218	2.738195373	3
3219	2.739046272	5
3220	2.739897172	7
3221	2.740748072	3
3222	2.741598972	3
3223	2.742449871	3
3224	2.743300771	3
3225	2.744151671	3
3226	2.745002571	13
3227	2.74585347	1
3228	2.74670437	7
3229	2.74755527	11
3230	2.74840617	1
3231	2.749257069	7
3232	2.750107969	1
3233	2.750958869	4
3234	2.751809769	6
3235	2.752660668	6
3236	2.753511568	7
3237	2.754362468	3
3238	2.755213368	6
3239	2.756064267	5
3240	2.756915167	6
3241	2.757766067	11
3242	2.758616967	3
3243	2.759467866	6
3244	2.760318766	3
3245	2.761169666	4
3246	2.762020566	1
3247	2.762871465	6
3248	2.763722365	6
3249	2.764573265	5
3250	2.765424165	3
3251	2.766275064	2
3252	2.767125964	2
3253	2.767976864	4
3254	2.768827763	4
3255	2.769678663	2
3256	2.770529563	6
3257	2.771380463	5
3258	2.772231362	4
3259	2.773082262	5
3260	2.773933162	0
3261	2.774784062	6
3262	2.775634961	2
3263	2.776485861	3
3264	2.777336761	2
3265	2.778187661	10
3266	2.77903856	7
3267	2.77988946	1
3268	2.78074036	3
3269	2.78159126	3
3270	2.782442159	2
3271	2.783293059	1
3272	2.784143959	4
3273	2.784994859	3
3274	2.785845758	4
3275	2.786696658	9
3276	2.787547558	1
3277	2.788398458	3
3278	2.789249357	6
3279	2.790100257	3
3280	2.790951157	4
3281	2.791802057	3
3282	2.792652956	5
3283	2.793503856	4
3284	2.794354756	4
3285	2.795205656	4
3286	2.796056555	6
3287	2.796907455	6
3288	2.797758355	4
3289	2.798609254	2
3290	2.799460154	4
3291	2.800311054	2
3292	2.801161954	7
3293	2.802012853	4
3294	2.802863753	5
3295	2.803714653	7
3296	2.804565553	4
3297	2.805416452	8
3298	2.806267352	3
3299	2.807118252	6
3300	2.807969152	4
3301	2.808820051	0
3302	2.809670951	3
3303	2.810521851	5
3304	2.811372751	1
3305	2.81222365	6
3306	2.81307455	2
3307	2.81392545	0
3308	2.81477635	9
3309	2.815627249	5
3310	2.816478149	1
3311	2.817329049	4
3312	2.818179949	3
3313	2.819030848	4
3314	2.819881748	2
3315	2.820732648	5
3316	2.821583548	1
3317	2.822434447	5
3318	2.823285347	5
3319	2.824136247	3
3320	2.824987147	4
3321	2.825838046	2
3322	2.826688946	5
3323	2.827539846	2
3324	2.828390746	4
3325	2.829241645	5
3326	2.830092545	1
3327	2.830943445	5
3328	2.831794344	1
3329	2.832645244	2
3330	2.833496144	7
3331	2.834347044	5
3332	2.835197943	4
3333	2.836048843	7
3334	2.836899743	3
3335	2.837750643	1
3336	2.838601542	4
3337	2.839452442	5
3338	2.840303342	3
3339	2.841154242	3
3340	2.842005141	2
3341	2.842856041	2
3342	2.843706941	3
3343	2.844557841	7
3344	2.84540874	1
3345	2.84625964	1
3346	2.84711054	1
3347	2.84796144	5
3348	2.848812339	5
3349	2.849663239	5
3350	2.850514139	2
3351	2.851365039	7
3352	2.852215938	1
3353	2.853066838	3
3354	2.853917738	4
3355	2.854768638	1
3356	2.855619537	7
3357	2.856470437	4
3358	2.857321337	5
3359	2.858172237	5
3360	2.859023136	6
3361	2.859874036	2
3362	2.860724936	7
3363	2.861575835	2
3364	2.862426735	5
3365	2.863277635	4
3366	2.864128535	7
3367	2.864979434	3
3368	2.865830334	2
3369	2.866681234	2
3370	2.867532134	3
3371	2.868383033	3
3372	2.869233933	1
3373	2.870084833	2
3374	2.870935733	2
3375	2.871786632	1
3376	2.872637532	3
3377	2.873488432	4
3378	2.874339332	2
3379	2.875190231	5
3380	2.876041131	5
3381	2.876892031	5
3382	2.877742931	1
3383	2.87859383	2
3384	2.87944473	2
3385	2.88029563	5
3386	2.88114653	5
3387	2.881997429	6
3388	2.882848329	0
3389	2.883699229	2
3390	2.884550129	5
3391	2.885401028	1
3392	2.886251928	3
3393	2.887102828	3
3394	2.887953728	3
3395	2.888804627	2
3396	2.889655527	5
3397	2.890506427	2
3398	2.891357326	5
3399	2.892208226	2
3400	2.893059126	5
3401	2.893910026	3
3402	2.894760925	3
3403	2.895611825	4
3404	2.896462725	5
3405	2.897313625	3
3406	2.898164524	5
3407	2.899015424	2
3408	2.899866324	4
3409	2.900717224	4
3410	2.901568123	3
3411	2.902419023	1
3412	2.903269923	2
3413	2.904120823	3
3414	2.904971722	5
3415	2.905822622	3
3416	2.906673522	3
3417	2.907524422	5
3418	2.908375321	3
3419	2.909226221	3
3420	2.910077121	6
3421	2.910928021	6
3422	2.91177892	3
3423	2.91262982	3
3424	2.91348072	6
3425	2.91433162	3
3426	2.915182519	2
3427	2.916033419	3
3428	2.916884319	1
3429	2.917735219	4
3430	2.918586118	2
3431	2.919437018	4
3432	2.920287918	2
3433	2.921138817	4
3434	2.921989717	3
3435	2.922840617	3
3436	2.923691517	1
3437	2.924542416	1
3438	2.925393316	6
3439	2.926244216	5
3440	2.927095116	1
3441	2.927946015	3
3442	2.928796915	3
3443	2.929647815	4
3444	2.930498715	5
3445	2.931349614	3
3446	2.932200514	4
3447	2.933051414	3
3448	2.933902314	4
3449	2.934753213	5
3450	2.935604113	2
3451	2.936455013	2
3452	2.937305913	4
3453	2.938156812	6
3454	2.939007712	4
3455	2.939858612	5
3456	2.940709512	3
3457	2.941560411	2
3458	2.942411311	3
3459	2.943262211	5
3460	2.944113111	3
3461	2.94496401	3
3462	2.94581491	5
3463	2.94666581	3
3464	2.94751671	1
3465	2.948367609	4
3466	2.949218509	4
3467	2.950069409	6
3468	2.950920308	2
3469	2.951771208	3
3470	2.952622108	1
3471	2.953473008	1
3472	2.954323907	1
3473	2.955174807	3
3474	2.956025707	0
3475	2.956876607	2
3476	2.957727506	2
3477	2.958578406	4
3478	2.959429306	3
3479	2.960280206	3
3480	2.961131105	7
3481	2.961982005	1
3482	2.962832905	2
3483	2.963683805	2
3484	2.964534704	3
3485	2.965385604	3
3486	2.966236504	2
3487	2.967087404	2
3488	2.967938303	1
3489	2.968789203	2
3490	2.969640103	3
3491	2.970491003	3
3492	2.971341902	8
3493	2.972192802	2
3494	2.973043702	2
3495	2.973894602	3
3496	2.974745501	3
3497	2.975596401	3
3498	2.976447301	4
3499	2.977298201	3
3500	2.9781491	2
3501	2.979	1
3502	2.9798509	3
3503	2.980701799	4
3504	2.981552699	7
3505	2.982403599	3
3506	2.983254499	0
3507	2.984105398	4
3508	2.984956298	7
3509	2.985807198	4
3510	2.986658098	4
3511	2.987508997	3
3512	2.988359897	3
3513	2.989210797	1
3514	2.990061697	3
3515	2.990912596	5
3516	2.991763496	2
3517	2.992614396	2
3518	2.993465296	5
3519	2.994316195	1
3520	2.995167095	6
3521	2.996017995	7
3522	2.996868895	1
3523	2.997719794	3
3524	2.998570694	5
3525	2.999421594	3
3526	3.000272494	1
3527	3.001123393	1
3528	3.001974293	4
3529	3.002825193	3
3530	3.003676093	9
3531	3.004526992	1
3532	3.005377892	2
3533	3.006228792	1
3534	3.007079692	5
3535	3.007930591	3
3536	3.008781491	1
3537	3.009632391	4
3538	3.01048329	2
3539	3.01133419	5
3540	3.01218509	3
3541	3.01303599	3
3542	3.013886889	2
3543	3.014737789	2
3544	3.015588689	2
3545	3.016439589	4
3546	3.017290488	3
3547	3.018141388	1
3548	3.018992288	7
3549	3.019843188	4
3550	3.020694087	6
3551	3.021544987	7
3552	3.022395887	3
3553	3.023246787	4
3554	3.024097686	4
3555	3.024948586	5
3556	3.025799486	6
3557	3.026650386	1
3558	3.027501285	2
3559	3.028352185	3
3560	3.029203085	2
3561	3.030053985	5
3562	3.030904884	5
3563	3.031755784	3
3564	3.032606684	2
3565	3.033457584	5
3566	3.034308483	3
3567	3.035159383	4
3568	3.036010283	2
3569	3.036861183	2
3570	3.037712082	2
3571	3.038562982	2
3572	3.039413882	5
3573	3.040264781	2
3574	3.041115681	4
3575	3.041966581	5
3576	3.042817481	1
3577	3.04366838	7
3578	3.04451928	3
3579	3.04537018	1
3580	3.04622108	2
3581	3.047071979	3
3582	3.047922879	5
3583	3.048773779	1
3584	3.049624679	6
3585	3.050475578	7
3586	3.051326478	3
3587	3.052177378	5
3588	3.053028278	3
3589	3.053879177	3
3590	3.054730077	1
3591	3.055580977	5
3592	3.056431877	0
3593	3.057282776	5
3594	3.058133676	2
3595	3.058984576	3
3596	3.059835476	3
3597	3.060686375	1
3598	3.061537275	3
3599	3.062388175	4
3600	3.063239075	1
3601	3.064089974	3
3602	3.064940874	3
3603	3.065791774	3
3604	3.066642674	4
3605	3.067493573	3
3606	3.068344473	4
3607	3.069195373	7
3608	3.070046272	2
3609	3.070897172	2
3610	3.071748072	2
3611	3.072598972	5
3612	3.073449871	4
3613	3.074300771	0
3614	3.075151671	5
3615	3.076002571	2
3616	3.07685347	4
3617	3.07770437	5
3618	3.07855527	6
3619	3.07940617	1
3620	3.080257069	3
3621	3.081107969	6
3622	3.081958869	3
3623	3.082809769	4
3624	3.083660668	0
3625	3.084511568	3
3626	3.085362468	2
3627	3.086213368	5
3628	3.087064267	3
3629	3.087915167	2
3630	3.088766067	3
3631	3.089616967	3
3632	3.090467866	3
3633	3.091318766	0
3634	3.092169666	2
3635	3.093020566	4
3636	3.093871465	3
3637	3.094722365	4
3638	3.095573265	3
3639	3.096424165	3
3640	3.097275064	2
3641	3.098125964	2
3642	3.098976864	1
3643	3.099827763	2
3644	3.100678663	4
3645	3.101529563	4
3646	3.102380463	3
3647	3.103231362	3
3648	3.104082262	2
3649	3.104933162	3
3650	3.105784062	7
3651	3.106634961	5
3652	3.107485861	4
3653	3.108336761	1
3654	3.109187661	4
3655	3.11003856	4
3656	3.11088946	4
3657	3.11174036	5
3658	3.11259126	1
3659	3.113442159	3
3660	3.114293059	4
3661	3.115143959	3
3662	3.115994859	3
3663	3.116845758	5
3664	3.117696658	4
3665	3.118547558	1
3666	3.119398458	3
3667	3.120249357	2
3668	3.121100257	2
3669	3.121951157	2
3670	3.122802057	3
3671	3.123652956	5
3672	3.124503856	5
3673	3.125354756	3
3674	3.126205656	3
3675	3.127056555	6
3676	3.127907455	6
3677	3.128758355	3
3678	3.129609254	2
3679	3.130460154	4
3680	3.131311054	3
3681	3.132161954	2
3682	3.133012853	4
3683	3.133863753	1
3684	3.134714653	1
3685	3.135565553	6
3686	3.136416452	3
3687	3.137267352	5
3688	3.138118252	2
3689	3.138969152	0
3690	3.139820051	4
3691	3.140670951	3
3692	3.141521851	5
3693	3.142372751	6
3694	3.14322365	6
3695	3.14407455	5
3696	3.14492545	1
3697	3.14577635	3
3698	3.146627249	1
3699	3.147478149	3
3700	3.148329049	3
3701	3.149179949	3
3702	3.150030848	6
3703	3.150881748	3
3704	3.151732648	1
3705	3.152583548	0
3706	3.153434447	1
3707	3.154285347	1
3708	3.155136247	4
3709	3.155987147	3
3710	3.156838046	4
3711	3.157688946	3
3712	3.158539846	1
3713	3.159390746	2
3714	3.160241645	4
3715	3.161092545	3
3716	3.161943445	5
3717	3.162794344	5
3718	3.163645244	3
3719	3.164496144	1
3720	3.165347044	2
3721	3.166197943	5
3722	3.167048843	7
3723	3.167899743	2
3724	3.168750643	2
3725	3.169601542	2
3726	3.170452442	7
3727	3.171303342	4
3728	3.172154242	5
3729	3.173005141	5
3730	3.173856041	0
3731	3.174706941	1
3732	3.175557841	0
3733	3.17640874	3
3734	3.17725964	5
3735	3.17811054	6
3736	3.17896144	2
3737	3.179812339	1
3738	3.180663239	3
3739	3.181514139	3
3740	3.182365039	6
3741	3.183215938	1
3742	3.184066838	1
3743	3.184917738	3
3744	3.185768638	4
3745	3.186619537	2
3746	3.187470437	1
3747	3.188321337	2
3748	3.189172237	5
3749	3.190023136	4
3750	3.190874036	3
3751	3.191724936	4
3752	3.192575835	2
3753	3.193426735	0
3754	3.194277635	4
3755	3.195128535	0
3756	3.195979434	4
3757	3.196830334	0
3758	3.197681234	2
3759	3.198532134	5
3760	3.199383033	4
3761	3.200233933	4
3762	3.201084833	9
3763	3.201935733	4
3764	3.202786632	2
3765	3.203637532	2
3766	3.204488432	1
3767	3.205339332	2
3768	3.206190231	2
3769	3.207041131	2
3770	3.207892031	2
3771	3.208742931	4
3772	3.20959383	4
3773	3.21044473	2
3774	3.21129563	3
3775	3.21214653	2
3776	3.212997429	6
3777	3.213848329	1
3778	3.214699229	5
3779	3.215550129	4
3780	3.216401028	4
3781	3.217251928	2
3782	3.218102828	4
3783	3.218953728	4
3784	3.219804627	5
3785	3.220655527	1
3786	3.221506427	6
3787	3.222357326	1
3788	3.223208226	1
3789	3.224059126	5
3790	3.224910026	3
3791	3.225760925	2
3792	3.226611825	3
3793	3.227462725	4
3794	3.228313625	2
3795	3.229164524	3
3796	3.230015424	2
3797	3.230866324	2
3798	3.231717224	5
3799	3.232568123	8
3800	3.233419023	2
3801	3.234269923	5
3802	3.235120823	2
3803	3.235971722	6
3804	3.236822622	4
3805	3.237673522	4
3806	3.238524422	4
3807	3.239375321	4
3808	3.240226221	7
3809	3.241077121	3
3810	3.241928021	9
3811	3.24277892	4
3812	3.24362982	4
3813	3.24448072	2
3814	3.24533162	3
3815	3.246182519	1
3816	3.247033419	2
3817	3.247884319	4
3818	3.248735219	2
3819	3.249586118	3
3820	3.250437018	3
3821	3.251287918	2
3822	3.252138817	2
3823	3.252989717	6
3824	3.253840617	3
3825	3.254691517	2
3826	3.255542416	6
3827	3.256393316	5
3828	3.257244216	4
3829	3.258095116	6
3830	3.258946015	2
3831	3.259796915	4
3832	3.260647815	2
3833	3.261498715	2
3834	3.262349614	1
3835	3.263200514	5
3836	3.264051414	4
3837	3.264902314	5
3838	3.265753213	3
3839	3.266604113	2
3840	3.267455013	4
3841	3.268305913	1
3842	3.269156812	3
3843	3.270007712	4
3844	3.270858612	2
3845	3.271709512	3
3846	3.272560411	2
3847	3.273411311	2
3848	3.274262211	3
3849	3.275113111	2
3850	3.27596401	1
3851	3.27681491	4
3852	3.27766581	2
3853	3.27851671	3
3854	3.279367609	7
3855	3.280218509	2
3856	3.281069409	6
3857	3.281920308	1
3858	3.282771208	1
3859	3.283622108	4
3860	3.284473008	5
3861	3.285323907	3
3862	3.286174807	4
3863	3.287025707	0
3864	3.287876607	0
3865	3.288727506	3
3866	3.289578406	0
3867	3.290429306	2
3868	3.291280206	1
3869	3.292131105	2
3870	3.292982005	4
3871	3.293832905	4
3872	3.294683805	2
3873	3.295534704	4
3874	3.296385604	1
3875	3.297236504	4
3876	3.298087404	2
3877	3.298938303	4
3878	3.299789203	2
3879	3.300640103	3
3880	3.301491003	3
3881	3.302341902	3
3882	3.303192802	2
3883	3.304043702	1
3884	3.304894602	5
3885	3.305745501	2
3886	3.306596401	1
3887	3.307447301	2
3888	3.308298201	2
3889	3.3091491	2
3890	3.31	0
3891	3.3108509	4
3892	3.311701799	6
3893	3.312552699	1
3894	3.313403599	3
3895	3.314254499	6
3896	3.315105398	6
3897	3.315956298	2
3898	3.316807198	8
3899	3.317658098	1
3900	3.318508997	2
3901	3.319359897	3
3902	3.320210797	0
3903	3.321061697	2
3904	3.321912596	2
3905	3.322763496	1
3906	3.323614396	3
3907	3.324465296	6
3908	3.325316195	1
3909	3.326167095	3
3910	3.327017995	6
3911	3.327868895	1
3912	3.328719794	4
3913	3.329570694	4
3914	3.330421594	7
3915	3.331272494	7
3916	3.332123393	1
3917	3.332974293	5
3918	3.333825193	4
3919	3.334676093	2
3920	3.335526992	5
3921	3.336377892	2
3922	3.337228792	1
3923	3.338079692	3
3924	3.338930591	4
3925	3.339781491	6
3926	3.340632391	2
3927	3.34148329	2
3928	3.34233419	3
3929	3.34318509	5
3930	3.34403599	3
3931	3.344886889	3
3932	3.345737789	4
3933	3.346588689	6
3934	3.347439589	7
3935	3.348290488	1
3936	3.349141388	3
3937	3.349992288	3
3938	3.350843188	3
3939	3.351694087	3
3940	3.352544987	3
3941	3.353395887	3
3942	3.354246787	3
3943	3.355097686	4
3944	3.355948586	2
3945	3.356799486	3
3946	3.357650386	4
3947	3.358501285	3
3948	3.359352185	1
3949	3.360203085	6
3950	3.361053985	3
3951	3.361904884	5
3952	3.362755784	2
3953	3.363606684	4
3954	3.364457584	6
3955	3.365308483	3
3956	3.366159383	6
3957	3.367010283	4
3958	3.367861183	0
3959	3.368712082	2
3960	3.369562982	2
3961	3.370413882	4
3962	3.371264781	1
3963	3.372115681	2
3964	3.372966581	5
3965	3.373817481	1
3966	3.37466838	3
3967	3.37551928	2
3968	3.37637018	4
3969	3.37722108	3
3970	3.378071979	3
3971	3.378922879	1
3972	3.379773779	2
3973	3.380624679	3
3974	3.381475578	3
3975	3.382326478	3
3976	3.383177378	4
3977	3.384028278	2
3978	3.384879177	6
3979	3.385730077	1
3980	3.386580977	1
3981	3.387431877	2
3982	3.388282776	4
3983	3.389133676	7
3984	3.389984576	1
3985	3.390835476	2
3986	3.391686375	2
3987	3.392537275	4
3988	3.393388175	4
3989	3.394239075	5
3990	3.395089974	5
3991	3.395940874	1
3992	3.396791774	3
3993	3.397642674	3
3994	3.398493573	4
3995	3.399344473	4
3996	3.400195373	1
3997	3.401046272	5
3998	3.401897172	1
3999	3.402748072	0
4000	3.403598972	1
4001	3.404449871	0
4002	3.405300771	6
4003	3.406151671	4
4004	3.407002571	3
4005	3.40785347	3
4006	3.40870437	1
4007	3.40955527	0
4008	3.41040617	3
4009	3.411257069	2
4010	3.412107969	2
4011	3.412958869	1
4012	3.413809769	0
4013	3.414660668	4
4014	3.415511568	2
4015	3.416362468	3
4016	3.417213368	4
4017	3.418064267	3
4018	3.418915167	2
4019	3.419766067	4
4020	3.420616967	2
4021	3.421467866	3
4022	3.422318766	3
4023	3.423169666	3
4024	3.424020566	5
4025	3.424871465	5
4026	3.425722365	2
4027	3.426573265	4
4028	3.427424165	2
4029	3.428275064	1
4030	3.429125964	4
4031	3.429976864	3
4032	3.430827763	4
4033	3.431678663	4
4034	3.432529563	6
4035	3.433380463	3
4036	3.434231362	4
4037	3.435082262	4
4038	3.435933162	4
4039	3.436784062	4
4040	3.437634961	1
4041	3.438485861	2
4042	3.439336761	2
4043	3.440187661	3
4044	3.44103856	2
4045	3.44188946	3
4046	3.44274036	2
4047	3.44359126	3
4048	3.444442159	3
4049	3.445293059	2
4050	3.446143959	0
4051	3.446994859	4
4052	3.447845758	0
4053	3.448696658	5
4054	3.449547558	6
4055	3.450398458	1
4056	3.451249357	1
4057	3.452100257	2
4058	3.452951157	4
4059	3.453802057	5
4060	3.454652956	2
4061	3.455503856	4
4062	3.456354756	3
4063	3.457205656	6
4064	3.458056555	4
4065	3.458907455	4
4066	3.459758355	3
4067	3.460609254	0
4068	3.461460154	0
4069	3.462311054	1
4070	3.463161954	3
4071	3.464012853	3
4072	3.464863753	2
4073	3.465714653	5
4074	3.466565553	1
4075	3.467416452	2
4076	3.468267352	1
4077	3.469118252	4
4078	3.469969152	1
4079	3.470820051	4
4080	3.471670951	3
4081	3.472521851	2
4082	3.473372751	2
4083	3.47422365	4
4084	3.47507455	1
4085	3.47592545	3
4086	3.47677635	5
4087	3.477627249	0
4088	3.478478149	1
4089	3.479329049	0
4090	3.480179949	3
4091	3.481030848	2
4092	3.481881748	3
4093	3.482732648	0
4094	3.483583548	5
4095	3.484434447	5
